HMMER3/f [3.1b2 | February 2015]
NAME  COG2214.faa.final_tree.fa
LENG  168
ALPH  amino
RF    no
MM    no
CONS  yes
CS    no
MAP   yes
DATE  Fri Aug  3 19:30:01 2018
NSEQ  2971
EFFN  60.325203
CKSUM 3102567199
STATS LOCAL MSV      -10.1965  0.70768
STATS LOCAL VITERBI  -11.8392  0.70768
STATS LOCAL FORWARD   -4.6787  0.70768
HMM          A        C        D        E        F        G        H        I        K        L        M        N        P        Q        R        S        T        V        W        Y   
            m->m     m->i     m->d     i->m     i->i     d->m     d->d
  COMPO   2.55017  4.46027  2.79135  2.65580  3.43460  2.54901  3.71546  3.21096  2.69897  2.53763  4.12890  3.01023  2.84993  3.11950  2.81449  2.50144  2.87049  2.99499  4.45137  3.51585
          2.63276  4.23518  2.79954  2.73115  3.44424  2.41788  3.71813  3.29710  2.73175  2.65701  4.15960  2.96175  2.72929  3.18796  2.87681  2.40629  2.80536  2.96069  4.48959  3.63941
          1.31797  0.94409  1.06919  4.04889  0.01760  0.00000        *
      1   3.06064  5.76293  3.43915  2.55529  2.83717  3.25206  4.22117  3.59091  2.57474  2.79817  1.60494  3.40372  4.28191  2.73014  3.16912  3.08747  2.95100  2.44425  5.94506  3.85988    416 m - - -
          2.68618  4.42225  2.77519  2.73123  3.46354  2.40513  3.72494  3.29354  2.67741  2.69355  4.24690  2.90347  2.73739  3.18146  2.89801  2.37887  2.77519  2.98518  4.58477  3.61503
          0.16399  6.66357  1.89732  0.61958  0.77255  2.02991  0.14081
      2   3.12642  4.89402  2.45374  2.59604  5.11852  3.38956  4.01205  3.48795  3.00572  2.71163  4.12805  2.10685  3.45307  2.90860  2.17459  2.11173  2.89509  3.20115  4.62133  3.94628    417 n - - -
          2.68618  4.42225  2.77519  2.73123  3.46354  2.40513  3.72494  3.29354  2.67741  2.69355  4.24690  2.90347  2.73739  3.18146  2.89801  2.37887  2.77519  2.98518  4.58477  3.61503
          0.03450  6.51240  3.42864  0.61958  0.77255  1.69528  0.20279
      3   2.38965  1.39154  5.20771  4.86137  3.73746  4.03060  4.45973  1.82131  3.78626  2.72963  3.32244  4.30245  2.84617  5.15203  4.12006  2.78046  3.48460  2.95449  4.20365  2.91638    418 c - - -
          2.68486  4.42318  2.77472  2.72941  3.46274  2.40469  3.72588  3.29300  2.67807  2.69370  4.24726  2.90365  2.73791  3.18247  2.89894  2.37983  2.77465  2.98610  4.58616  3.61408
          0.38098  1.24868  3.50894  0.91209  0.51363  1.95570  0.15253
      4   3.74132  5.37667  4.49004  2.65650  2.50307  5.07963  5.39572  2.80813  4.23218  2.58086  4.08450  4.64034  4.78506  4.65592  4.23158  4.12974  3.47824  3.09637  0.90831  2.37666    424 w - - -
          2.68618  4.42225  2.77519  2.73123  3.46354  2.40513  3.72494  3.29354  2.67741  2.69355  4.24690  2.90347  2.73739  3.18146  2.89801  2.37887  2.77519  2.98518  4.58477  3.61503
          0.13158  6.55497  2.10484  0.61958  0.77255  2.03629  0.13985
      5   2.11323  6.24680  2.86163  1.85848  5.22969  3.75139  4.29556  3.47482  1.93859  3.77295  3.59703  3.17438  4.52356  2.17073  2.52976  2.50018  3.16038  4.16797  5.33197  5.26726    425 e - - -
          2.68618  4.42225  2.77519  2.73123  3.46354  2.40513  3.72494  3.29354  2.67741  2.69355  4.24690  2.90347  2.73739  3.18146  2.89801  2.37887  2.77519  2.98518  4.58477  3.61503
          0.03122  6.45381  3.53493  0.61958  0.77255  2.63201  0.07465
      6   3.13276  5.59706  3.58987  3.40439  4.09037  2.58802  4.21561  1.63540  3.78842  2.50731  3.67745  3.56097  2.34754  3.51253  2.83141  3.44044  2.89856  1.92353  5.08799  4.74001    426 i - - -
          2.68618  4.42225  2.77519  2.73123  3.46354  2.40513  3.72494  3.29354  2.67741  2.69355  4.24690  2.90347  2.73739  3.18146  2.89801  2.37887  2.77519  2.98518  4.58477  3.61503
          0.00427  6.42500  5.93805  0.61958  0.77255  2.67130  0.07167
      7   3.67388  5.26084  5.30137  4.00153  3.24061  4.82796  5.18857  3.45833  4.79372  0.38434  4.16238  3.71767  5.34882  4.57104  4.25439  3.73261  3.54268  3.24916  5.87827  4.69571    427 L - - -
          2.68618  4.42225  2.77519  2.73123  3.46354  2.40513  3.72494  3.29354  2.67741  2.69355  4.24690  2.90347  2.73739  3.18146  2.89801  2.37887  2.77519  2.98518  4.58477  3.61503
          0.00241  6.42315  7.14550  0.61958  0.77255  2.13308  0.12610
      8   3.24975  6.24771  3.04390  1.85446  5.05770  1.19633  4.43179  5.07739  2.99309  2.32602  5.18318  3.85343  2.34643  2.93268  3.64759  3.26692  3.86530  4.32942  6.68087  5.27039    428 g - - -
          2.68618  4.42225  2.77519  2.73123  3.46354  2.40513  3.72494  3.29354  2.67741  2.69355  4.24690  2.90347  2.73739  3.18146  2.89801  2.37887  2.77519  2.98518  4.58477  3.61503
          0.00981  6.46016  4.80432  0.61958  0.77255  1.86384  0.16851
      9   3.01068  4.71938  2.61760  4.11926  4.36733  3.33688  4.98688  1.02384  4.45886  1.54605  4.39113  4.27361  4.06375  4.67543  3.55685  3.63251  3.16245  2.96608  6.02168  4.64630    429 i - - -
          2.68594  4.41984  2.77393  2.73120  3.46414  2.40572  3.72550  3.29167  2.67763  2.69232  4.24750  2.90387  2.73793  3.18155  2.89849  2.37927  2.77559  2.98513  4.58537  3.61559
          0.29263  1.52631  3.31420  0.41261  1.08447  2.01485  0.14311
     10   2.75579  2.79678  2.60928  1.22713  3.00264  4.03640  4.39376  3.47042  3.19959  2.70455  4.74898  3.39606  3.09301  3.42963  3.42918  2.76935  3.42292  3.33303  6.67540  5.17575    432 e - - -
          2.68575  4.42232  2.77526  2.73130  3.46360  2.40504  3.72501  3.29361  2.67742  2.69361  4.24696  2.90353  2.73746  3.18153  2.89807  2.37889  2.77506  2.98525  4.58484  3.61510
          0.24081  3.27992  1.73513  0.14835  1.98142  2.43049  0.09211
     11   2.15038  6.12956  3.54242  2.40222  4.94967  2.59904  4.13079  4.28334  3.08720  3.83338  5.17274  3.77917  1.16279  3.26115  3.23131  2.44747  3.63051  3.68119  5.47680  3.81705    434 p - - -
          2.68618  4.42225  2.77519  2.73123  3.46354  2.40513  3.72494  3.29354  2.67741  2.69355  4.24690  2.90347  2.73739  3.18146  2.89801  2.37887  2.77519  2.98518  4.58477  3.61503
          0.01297  6.32734  4.50065  0.61958  0.77255  2.47849  0.08760
     12   2.76638  5.01319  2.56761  2.76907  4.80062  2.29043  4.20290  4.43529  3.28014  4.04323  4.34546  3.11329  3.20398  3.36029  3.78735  2.89504  1.03436  3.63443  6.57715  5.17347    435 t - - -
          2.68619  4.42226  2.77520  2.73124  3.46355  2.40514  3.72495  3.29355  2.67734  2.69356  4.24691  2.90348  2.73740  3.18147  2.89802  2.37882  2.77520  2.98519  4.58478  3.61504
          0.02996  5.26553  3.71536  0.63911  0.75027  1.73013  0.19512
     13   1.81227  5.18221  2.35653  3.01235  3.18854  3.35555  3.79399  4.40870  2.48741  3.16120  4.26577  3.00205  2.70259  2.88032  3.19172  2.10494  2.63136  3.88365  6.65476  4.93305    438 a - - -
          2.68618  4.42225  2.77519  2.73123  3.46354  2.40513  3.72494  3.29354  2.67741  2.69355  4.24690  2.90347  2.73739  3.18146  2.89801  2.37887  2.77519  2.98518  4.58477  3.61503
          0.03343  6.42664  3.46554  0.61958  0.77255  2.06460  0.13567
     14   3.22621  6.23301  1.02549  2.56840  4.88586  3.79607  4.16659  3.05423  3.21329  3.13547  4.90495  3.17526  4.32098  3.48087  2.53585  2.36206  2.88211  4.07558  6.66691  5.16406    439 d - - -
          2.68618  4.42225  2.77519  2.73123  3.46354  2.40513  3.72494  3.29354  2.67741  2.69355  4.24690  2.90347  2.73739  3.18146  2.89801  2.37887  2.77519  2.98518  4.58477  3.61503
          0.01140  6.44446  4.63128  0.61958  0.77255  2.09928  0.13073
     15   2.63166  2.63370  4.47502  2.03362  3.86387  3.98212  5.06787  2.53786  2.43391  2.02918  4.05203  4.48370  3.75650  3.32196  3.55765  3.25163  2.74469  2.02986  5.41435  4.23640    440 l - - -
          2.68618  4.42225  2.77519  2.73123  3.46354  2.40513  3.72494  3.29354  2.67741  2.69355  4.24690  2.90347  2.73739  3.18146  2.89801  2.37887  2.77519  2.98518  4.58477  3.61503
          0.02544  6.47452  3.74742  0.61958  0.77255  2.62667  0.07507
     16   2.89280  6.24834  2.81841  2.13962  4.86638  2.16711  4.20034  4.99176  1.88780  3.49605  4.60729  3.35903  4.21156  3.38500  1.88912  2.13223  3.25730  3.79772  6.68031  4.25912    441 k - - -
          2.68618  4.42225  2.77519  2.73123  3.46354  2.40513  3.72494  3.29354  2.67741  2.69355  4.24690  2.90347  2.73739  3.18146  2.89801  2.37887  2.77519  2.98518  4.58477  3.61503
          0.03210  6.45548  3.50607  0.61958  0.77255  1.57051  0.23312
     17   1.63205  5.59806  3.63600  1.96804  3.81758  4.08780  4.63736  2.99989  2.79325  2.31360  5.13773  3.81931  4.78611  2.43086  3.14159  2.67490  2.55135  3.07243  6.66631  4.23273    442 a - - -
          2.68618  4.42225  2.77519  2.73123  3.46354  2.40513  3.72494  3.29354  2.67741  2.69355  4.24690  2.90347  2.73739  3.18146  2.89801  2.37887  2.77519  2.98518  4.58477  3.61503
          0.02795  6.52500  3.64593  0.61958  0.77255  1.98035  0.14852
     18   3.24457  5.39276  3.15804  3.45462  4.49473  3.71468  5.28151  0.65474  4.47735  2.49955  3.90463  4.79617  4.85457  4.21269  4.81136  3.91797  3.93686  2.14915  5.80650  4.55152    443 I - - -
          2.68597  4.42305  2.77485  2.73014  3.46373  2.40588  3.72575  3.29331  2.67821  2.69106  4.24679  2.90297  2.73760  3.18227  2.89881  2.37957  2.77581  2.98395  4.58557  3.61553
          0.45036  1.56709  1.87113  0.66864  0.71827  2.44874  0.09036
     19   3.13525  6.19663  2.90174  2.83778  5.17953  2.75555  4.09862  4.41499  1.03845  3.55876  5.23698  2.65159  4.71167  3.23624  2.09392  3.29936  2.93224  4.25788  6.62861  4.87940    447 k - - -
          2.68618  4.42225  2.77519  2.73123  3.46354  2.40513  3.72494  3.29354  2.67741  2.69355  4.24690  2.90347  2.73739  3.18146  2.89801  2.37887  2.77519  2.98518  4.58477  3.61503
          0.02621  6.38615  3.72200  0.61958  0.77255  2.76170  0.06527
     20   2.37070  6.14198  3.79535  3.29721  4.82298  3.84418  4.52090  2.92398  1.85035  2.49621  5.18671  2.97349  4.43889  2.12656  1.59224  3.18711  3.14246  3.55280  6.58399  5.18251    448 r - - -
          2.68618  4.42225  2.77519  2.73123  3.46354  2.40513  3.72494  3.29354  2.67741  2.69355  4.24690  2.90347  2.73739  3.18146  2.89801  2.37887  2.77519  2.98518  4.58477  3.61503
          0.00613  6.36250  5.42936  0.61958  0.77255  1.87761  0.16600
     21   0.68602  6.23434  3.20662  3.08951  5.57904  3.52915  4.04530  5.06475  3.30619  4.49876  5.27519  3.93889  3.19064  3.08647  2.43658  2.89814  3.54309  4.24387  6.66723  5.25646    449 A - - -
          2.68618  4.42225  2.77519  2.73123  3.46354  2.40513  3.72494  3.29354  2.67741  2.69355  4.24690  2.90347  2.73739  3.18146  2.89801  2.37887  2.77519  2.98518  4.58477  3.61503
          0.00238  6.43898  7.16133  0.61958  0.77255  2.55963  0.08049
     22   3.07072  4.65303  3.98261  3.28686  3.13055  4.17234  4.73388  4.43479  3.04120  4.20598  4.95563  3.72538  4.09580  3.78121  3.45546  2.03557  3.68720  3.88386  6.45281  0.76427    450 y - - -
          2.68618  4.42225  2.77519  2.73123  3.46354  2.40513  3.72494  3.29354  2.67741  2.69355  4.24690  2.90347  2.73739  3.18146  2.89801  2.37887  2.77519  2.98518  4.58477  3.61503
          0.02309  6.44713  3.85166  0.61958  0.77255  2.43429  0.09174
     23   0.93451  6.21368  3.29681  2.98019  4.88772  4.14390  4.36028  4.95103  2.53083  3.17731  4.61498  3.98274  3.47070  3.66644  2.06880  2.69282  3.31800  3.52761  5.87122  5.25013    451 a - - -
          2.68618  4.42225  2.77519  2.73123  3.46354  2.40513  3.72494  3.29354  2.67741  2.69355  4.24690  2.90347  2.73739  3.18146  2.89801  2.37887  2.77519  2.98518  4.58477  3.61503
          0.12527  6.44874  2.15282  0.61958  0.77255  2.69442  0.06997
     24   1.93451  6.15254  2.55328  2.27045  5.28904  3.71094  4.60066  3.53012  1.68882  3.10032  4.36505  3.20180  3.98924  2.79130  2.34505  2.84742  2.98754  3.53657  6.58478  5.17338    452 k - - -
          2.68618  4.42225  2.77519  2.73123  3.46354  2.40513  3.72494  3.29354  2.67741  2.69355  4.24690  2.90347  2.73739  3.18146  2.89801  2.37887  2.77519  2.98518  4.58477  3.61503
          0.02862  6.32736  3.63334  0.61958  0.77255  2.83607  0.06045
     25   3.22185  4.48341  3.85791  3.11721  5.36177  4.19573  4.37040  4.65059  1.52364  1.60084  3.26139  3.82202  4.00815  2.40837  1.69508  3.57999  3.79175  4.42361  6.50598  5.11880    453 k - - -
          2.68618  4.42225  2.77519  2.73123  3.46354  2.40513  3.72494  3.29354  2.67741  2.69355  4.24690  2.90347  2.73739  3.18146  2.89801  2.37887  2.77519  2.98518  4.58477  3.61503
          0.00273  6.30147  7.02381  0.61958  0.77255  2.60909  0.07645
     26   2.48087  2.53075  5.35894  4.72617  3.01675  4.81145  5.26129  3.36746  3.04209  0.73237  4.12118  4.88337  5.29439  4.25712  4.54332  3.86351  3.99824  2.40947  5.30895  4.59212    454 l - - -
          2.68618  4.42225  2.77519  2.73123  3.46354  2.40513  3.72494  3.29354  2.67741  2.69355  4.24690  2.90347  2.73739  3.18146  2.89801  2.37887  2.77519  2.98518  4.58477  3.61503
          0.04886  6.31838  3.08158  0.61958  0.77255  2.30471  0.10513
     27   3.26276  6.13972  2.85615  2.21845  2.80817  4.40586  4.45136  4.96889  1.06330  3.57178  5.05303  3.87375  2.72496  3.31531  2.66918  2.91862  3.41017  3.31807  6.57305  5.16277    455 k - - -
          2.68618  4.42225  2.77519  2.73123  3.46354  2.40513  3.72494  3.29354  2.67741  2.69355  4.24690  2.90347  2.73739  3.18146  2.89801  2.37887  2.77519  2.98518  4.58477  3.61503
          0.00269  6.31520  7.03755  0.61958  0.77255  2.84824  0.05969
     28   2.84205  6.12523  2.70994  2.57116  5.13215  3.93014  3.45019  2.28601  2.30075  2.49656  4.46005  3.41105  4.80259  2.11605  3.32709  2.32503  2.83701  2.49769  6.56248  5.15613    456 q - - -
          2.68618  4.42225  2.77519  2.73123  3.46354  2.40513  3.72494  3.29354  2.67741  2.69355  4.24690  2.90347  2.73739  3.18146  2.89801  2.37887  2.77519  2.98518  4.58477  3.61503
          0.00269  6.31520  7.03755  0.61958  0.77255  2.78202  0.06391
     29   3.32691  2.08681  3.80443  3.85286  3.47169  4.82894  2.02141  3.00605  4.35972  2.96919  4.25548  3.23662  5.04913  4.30425  4.42933  2.79325  1.94066  2.80205  2.72574  2.35350    457 t - - -
          2.68618  4.42225  2.77519  2.73123  3.46354  2.40513  3.72494  3.29354  2.67741  2.69355  4.24690  2.90347  2.73739  3.18146  2.89801  2.37887  2.77519  2.98518  4.58477  3.61503
          0.00268  6.32026  7.04260  0.61958  0.77255  1.10307  0.40324
     30   2.54864  6.32167  3.72190  2.92179  5.10428  3.81224  1.34797  3.75141  3.13019  3.21885  3.62561  2.56520  4.03660  3.22077  1.72381  3.11520  3.23298  4.19071  6.28709  5.02832    458 h - - -
          2.68854  4.39471  2.76951  2.72463  3.46379  2.40991  3.72545  3.29457  2.68288  2.69739  4.24746  2.90766  2.72443  3.18128  2.90102  2.38130  2.77589  2.98173  4.59170  3.61956
          2.07738  0.13923  5.35719  1.42796  0.27417  2.52451  0.08349
     31   3.21295  6.13150  1.50734  1.59606  5.13048  3.26774  3.65937  4.67139  2.99579  4.50517  5.05150  3.19812  3.78643  2.87781  2.43601  2.58607  2.74548  3.42890  6.01371  5.26847    487 d - - -
          2.68618  4.42225  2.77519  2.73123  3.46354  2.40513  3.72494  3.29354  2.67741  2.69355  4.24690  2.90347  2.73739  3.18146  2.89801  2.37887  2.77519  2.98518  4.58477  3.61503
          0.18777  6.60515  1.77291  0.61958  0.77255  2.49696  0.08592
     32   3.47789  5.95830  1.01041  2.38636  3.29410  3.93116  3.68318  3.19463  2.99959  2.92293  4.58884  2.70775  4.38684  2.52446  3.73561  3.36575  3.58507  4.10239  6.12030  4.62254    488 d - - -
          2.68618  4.42225  2.77519  2.73123  3.46354  2.40513  3.72494  3.29354  2.67741  2.69355  4.24690  2.90347  2.73739  3.18146  2.89801  2.37887  2.77519  2.98518  4.58477  3.61503
          0.00296  6.42436  6.62242  0.61958  0.77255  2.77624  0.06430
     33   2.51494  5.41472  3.32362  2.53193  4.97824  4.03734  4.54125  3.40969  3.34672  3.48160  4.38347  3.43192  0.81125  3.41456  3.79440  3.18084  3.62841  3.42292  6.53940  4.00154    489 p - - -
          2.68618  4.42225  2.77519  2.73123  3.46354  2.40513  3.72494  3.29354  2.67741  2.69355  4.24690  2.90347  2.73739  3.18146  2.89801  2.37887  2.77519  2.98518  4.58477  3.61503
          0.05666  6.42928  2.92869  0.61958  0.77255  2.76918  0.06477
     34   2.41277  6.18914  2.90647  0.99644  5.05760  4.01653  3.96981  3.44728  2.57800  3.63933  4.47463  3.57054  4.09287  2.42653  3.51086  2.99336  3.34018  3.31592  6.62195  4.64387    490 e - - -
          2.68618  4.42225  2.77519  2.73123  3.46354  2.40513  3.72494  3.29354  2.67741  2.69355  4.24690  2.90347  2.73739  3.18146  2.89801  2.37887  2.77519  2.98518  4.58477  3.61503
          0.01320  6.38014  4.47243  0.61958  0.77255  1.77346  0.18602
     35   1.89775  6.04815  2.76721  2.45240  5.30114  1.10469  4.50512  3.46122  3.21471  3.25444  3.25412  3.84325  4.47611  3.42319  3.10983  3.31406  3.68195  3.89250  5.42943  5.06066    491 g - - -
          2.68618  4.42225  2.77519  2.73123  3.46354  2.40513  3.72494  3.29354  2.67741  2.69355  4.24690  2.90347  2.73739  3.18146  2.89801  2.37887  2.77519  2.98518  4.58477  3.61503
          0.00228  6.47939  7.20174  0.61958  0.77255  2.62357  0.07531
     36   3.20360  5.71090  4.17784  3.00469  1.10847  4.69123  4.01558  3.59239  3.38382  3.10200  4.03917  2.61939  4.88194  2.85892  3.61450  3.68615  3.80650  3.11179  5.08263  1.91606    492 f - - -
          2.68618  4.42225  2.77519  2.73123  3.46354  2.40513  3.72494  3.29354  2.67741  2.69355  4.24690  2.90347  2.73739  3.18146  2.89801  2.37887  2.77519  2.98518  4.58477  3.61503
          0.00828  6.48651  5.00215  0.61958  0.77255  2.34202  0.10107
     37   3.13311  6.28046  2.93791  2.88003  4.11932  4.31998  4.26188  4.89554  2.09620  3.48179  3.25772  3.44155  2.97025  1.10978  2.88687  3.24029  3.62455  4.23421  5.29854  3.03321    493 q - - -
          2.68618  4.42225  2.77519  2.73123  3.46354  2.40513  3.72494  3.29354  2.67741  2.69355  4.24690  2.90347  2.73739  3.18146  2.89801  2.37887  2.77519  2.98518  4.58477  3.61503
          0.00652  6.50446  5.29794  0.61958  0.77255  1.71303  0.19884
     38   2.25141  5.36623  3.41107  2.61767  5.03801  3.86413  3.27047  4.05711  2.58125  3.46083  4.72336  3.18349  3.93488  1.71095  1.55348  2.60412  3.32806  4.10267  6.77569  5.36414    494 r - - -
          2.68618  4.42225  2.77519  2.73123  3.46354  2.40513  3.72494  3.29354  2.67741  2.69355  4.24690  2.90347  2.73739  3.18146  2.89801  2.37887  2.77519  2.98518  4.58477  3.61503
          0.00862  6.58081  4.93441  0.61958  0.77255  2.53474  0.08260
     39   3.24638  5.46004  4.61143  2.46715  4.51584  5.04504  5.26349  2.43850  4.45902  0.58435  3.82319  4.99077  4.85710  4.09624  4.31499  3.04545  4.15595  3.16928  6.06850  4.69341    495 L - - -
          2.68618  4.42225  2.77519  2.73123  3.46354  2.40513  3.72494  3.29354  2.67741  2.69355  4.24690  2.90347  2.73739  3.18146  2.89801  2.37887  2.77519  2.98518  4.58477  3.61503
          0.02374  6.58427  3.81335  0.61958  0.77255  2.53738  0.08237
     40   2.64319  5.94465  4.04841  3.08456  4.52548  3.20866  3.00592  3.69727  2.53647  2.75074  5.13764  3.17930  4.27889  2.94484  1.00045  3.35417  3.72525  3.24199  6.73179  4.30490    496 r - - -
          2.68618  4.42225  2.77519  2.73123  3.46354  2.40513  3.72494  3.29354  2.67741  2.69355  4.24690  2.90347  2.73739  3.18146  2.89801  2.37887  2.77519  2.98518  4.58477  3.61503
          0.00410  6.56590  5.92206  0.61958  0.77255  2.41528  0.09359
     41   2.54708  6.33550  2.92299  1.30354  4.58198  3.85688  3.89339  4.22651  2.66127  2.03107  3.77357  3.45261  4.35962  2.28816  3.23958  3.04671  3.34070  3.78529  6.76861  4.39447    497 e - - -
          2.68618  4.42225  2.77519  2.73123  3.46354  2.40513  3.72494  3.29354  2.67741  2.69355  4.24690  2.90347  2.73739  3.18146  2.89801  2.37887  2.77519  2.98518  4.58477  3.61503
          0.07080  6.57513  2.70374  0.61958  0.77255  2.53643  0.08246
     42   0.80973  5.43009  3.15118  2.88139  5.10721  4.46889  4.04278  4.52811  3.01033  2.11863  4.45320  3.83408  4.12352  3.11445  3.53461  2.84264  3.48895  4.19298  6.46886  4.83235    498 a - - -
          2.68618  4.42225  2.77519  2.73123  3.46354  2.40513  3.72494  3.29354  2.67741  2.69355  4.24690  2.90347  2.73739  3.18146  2.89801  2.37887  2.77519  2.98518  4.58477  3.61503
          0.03411  6.51084  3.44062  0.61958  0.77255  2.68076  0.07097
     43   3.55784  2.62500  5.85973  4.85514  2.68667  5.06772  5.40111  3.19492  3.45294  2.32625  4.22023  5.03386  5.43145  4.91649  3.63805  4.31072  4.03660  3.08891  2.58519  0.84865    499 y - - -
          2.68618  4.42225  2.77519  2.73123  3.46354  2.40513  3.72494  3.29354  2.67741  2.69355  4.24690  2.90347  2.73739  3.18146  2.89801  2.37887  2.77519  2.98518  4.58477  3.61503
          0.00835  6.48242  4.99344  0.61958  0.77255  2.35741  0.09945
     44   2.85365  4.93778  2.07611  1.30359  3.96245  3.35607  4.22256  4.62696  2.47625  3.42709  4.63422  3.64476  4.48426  2.66960  3.14120  2.30136  3.01607  3.57597  6.71359  5.22221    500 e - - -
          2.68618  4.42225  2.77519  2.73123  3.46354  2.40513  3.72494  3.29354  2.67741  2.69355  4.24690  2.90347  2.73739  3.18146  2.89801  2.37887  2.77519  2.98518  4.58477  3.61503
          0.06541  6.50053  2.78365  0.61958  0.77255  2.73306  0.06723
     45   2.36606  5.86878  3.16997  1.94763  4.19981  4.15964  3.43699  3.65599  2.50756  2.72735  3.85627  3.40851  3.93858  2.18304  3.07985  2.08154  2.57287  3.73495  4.34022  4.35052    501 e - - -
          2.68618  4.42225  2.77519  2.73123  3.46354  2.40513  3.72494  3.29354  2.67741  2.69355  4.24690  2.90347  2.73739  3.18146  2.89801  2.37887  2.77519  2.98518  4.58477  3.61503
          0.03224  6.43751  3.50231  0.61958  0.77255  2.81152  0.06200
     46   0.80477  2.52063  3.63325  3.32400  3.16845  3.57652  4.49415  3.19794  3.82567  2.79656  4.47131  4.01739  4.85674  3.99897  3.16786  3.64399  3.47676  3.26955  6.11999  4.58878    502 a - - -
          2.68618  4.42225  2.77519  2.73123  3.46354  2.40513  3.72494  3.29354  2.67741  2.69355  4.24690  2.90347  2.73739  3.18146  2.89801  2.37887  2.77519  2.98518  4.58477  3.61503
          0.07064  6.40772  2.70980  0.61958  0.77255  2.25879  0.11035
     47   3.02119  3.83102  5.73634  4.39399  3.42389  2.28618  5.31379  2.46837  3.92340  0.95712  3.35705  4.49152  5.01871  4.31908  4.32821  3.08587  3.62993  2.63364  5.82120  2.81028    503 l - - -
          2.68618  4.42225  2.77519  2.73123  3.46354  2.40513  3.72494  3.29354  2.67741  2.69355  4.24690  2.90347  2.73739  3.18146  2.89801  2.37887  2.77519  2.98518  4.58477  3.61503
          0.00251  6.38425  7.10660  0.61958  0.77255  2.64250  0.07384
     48   1.87602  5.96341  2.95471  2.11128  4.04940  3.64408  3.77689  3.62748  2.04591  3.18319  3.94454  3.34237  4.86059  2.92545  2.00317  2.84251  3.47634  2.84370  6.63219  4.88622    504 a - - -
          2.68618  4.42225  2.77519  2.73123  3.46354  2.40513  3.72494  3.29354  2.67741  2.69355  4.24690  2.90347  2.73739  3.18146  2.89801  2.37887  2.77519  2.98518  4.58477  3.61503
          0.02496  6.39812  3.77270  0.61958  0.77255  1.76011  0.18877
     49   2.56805  6.21024  3.09662  2.31889  3.42994  2.14597  2.74971  3.20682  2.70465  2.19580  4.02152  3.41791  4.33957  2.87002  3.21838  3.44508  3.18861  4.25360  3.30087  2.79489    505 g - - -
          2.67800  4.42167  2.77762  2.73102  3.46371  2.40760  3.72456  3.29490  2.67480  2.69375  4.24902  2.90346  2.74004  3.18171  2.89450  2.38012  2.77757  2.98610  4.58423  3.61512
          1.54879  0.30621  2.97072  1.00233  0.45732  2.03030  0.14075
     50   2.57830  5.68631  2.72548  2.21994  3.01053  3.18420  3.36674  3.56480  3.07791  2.72023  4.76402  2.85411  2.84994  2.57060  2.49080  2.59911  2.65794  3.96725  4.82814  3.63064    509 e - - -
          2.68618  4.42225  2.77519  2.73123  3.46354  2.40513  3.72494  3.29354  2.67741  2.69355  4.24690  2.90347  2.73739  3.18146  2.89801  2.37887  2.77519  2.98518  4.58477  3.61503
          0.04696  6.48540  3.11569  0.61958  0.77255  2.39638  0.09546
     51   1.95809  5.49416  2.59995  2.32844  3.65090  1.92872  4.11970  4.13556  2.42041  3.79981  4.70153  3.24293  3.62932  2.66419  2.53300  2.96642  3.07210  3.25525  6.68546  4.98234    510 g - - -
          2.68618  4.42225  2.77519  2.73123  3.46354  2.40513  3.72494  3.29354  2.67741  2.69355  4.24690  2.90347  2.73739  3.18146  2.89801  2.37887  2.77519  2.98518  4.58477  3.61503
          0.04153  6.46389  3.24107  0.61958  0.77255  2.06236  0.13600
     52   2.56402  4.86346  2.89396  2.16839  4.50457  3.72384  4.46393  3.33344  2.68617  2.93963  3.75485  3.16126  3.12380  2.80459  2.43492  2.68139  2.69651  2.02378  5.89787  4.30951    511 v - - -
          2.68618  4.42225  2.77519  2.73123  3.46354  2.40513  3.72494  3.29354  2.67741  2.69355  4.24690  2.90347  2.73739  3.18146  2.89801  2.37887  2.77519  2.98518  4.58477  3.61503
          0.06200  6.48021  2.83733  0.61958  0.77255  2.07788  0.13375
     53   2.38963  5.93656  2.94979  2.05718  4.97293  3.84719  3.96552  3.77604  2.93097  2.64177  4.86202  3.14583  2.63281  3.04674  2.47293  2.49950  2.90054  2.56725  3.49899  3.43484    512 e - - -
          2.68618  4.42225  2.77519  2.73123  3.46354  2.40513  3.72494  3.29354  2.67741  2.69355  4.24690  2.90347  2.73739  3.18146  2.89801  2.37887  2.77519  2.98518  4.58477  3.61503
          0.00777  6.47149  5.08435  0.61958  0.77255  0.68864  0.69767
     54   2.05256  6.29758  2.77787  2.29562  3.73791  3.11960  3.06539  3.80927  2.93616  2.70788  3.98141  3.12059  2.75260  2.42763  2.62146  2.91311  3.19359  2.94654  5.83870  4.41473    513 a - - -
          2.64212  4.49442  2.74875  2.66411  3.43579  2.45515  3.74288  3.27970  2.71991  2.65531  4.23773  2.93200  2.73672  3.15151  2.91320  2.40260  2.79902  2.98609  4.57305  3.62494
          3.22485  0.04115  7.49302  3.66393  0.02597  2.20905  0.11631
     55   2.08693  5.21181  3.24241  2.19620  3.65465  3.09304  4.04921  3.53890  2.85692  2.50595  4.74618  2.85525  3.37443  2.92982  2.40481  2.31209  2.90494  3.46465  6.79220  3.40936    821 a - - -
          2.68470  4.42734  2.77771  2.72631  3.46583  2.40710  3.72865  3.28947  2.67947  2.69385  4.24393  2.90698  2.73433  3.18082  2.88854  2.38174  2.77806  2.98391  4.59048  3.61562
          2.27436  0.40977  1.45528  1.05219  0.42951  2.20905  0.11631
     56   2.69900  5.77898  2.65669  3.10617  2.69715  3.20686  3.96702  1.98316  2.90531  2.76413  4.83901  2.99685  2.67723  3.35599  3.09827  2.67782  3.43837  3.31968  4.37035  2.57412    831 i - - -
          2.68618  4.42225  2.77519  2.73123  3.46354  2.40513  3.72494  3.29354  2.67741  2.69355  4.24690  2.90347  2.73739  3.18146  2.89801  2.37887  2.77519  2.98518  4.58477  3.61503
          0.00315  6.76134  6.22210  0.61958  0.77255  1.19289  0.36146
     57   2.54823  5.32326  2.12199  2.26730  5.07591  3.24138  3.43928  3.55905  2.67751  3.33441  3.94776  2.79571  2.56307  2.83830  2.29077  2.75392  3.28096  3.00246  6.09239  4.35098    832 d - - -
          2.65445  4.43733  2.79043  2.71521  3.46401  2.42574  3.72237  3.28794  2.69037  2.66849  4.24562  2.92363  2.73492  3.17263  2.88849  2.38993  2.78649  2.98375  4.52424  3.62772
          3.45119  0.07597  3.18333  2.71568  0.06845  2.19622  0.11791
     58   2.48774  5.90586  2.19867  2.04801  4.92892  3.08465  3.90538  3.97684  2.66393  3.05510  5.21243  3.12156  2.89033  2.44264  2.40489  2.40151  3.12513  3.34854  5.55471  4.62861    926 e - - -
          2.68618  4.42225  2.77519  2.73123  3.46354  2.40513  3.72494  3.29354  2.67741  2.69355  4.24690  2.90347  2.73739  3.18146  2.89801  2.37887  2.77519  2.98518  4.58477  3.61503
          0.35849  6.93707  1.20298  0.61958  0.77255  2.36676  0.09848
     59   2.78508  6.35274  2.34043  2.45659  4.74841  2.96147  4.60877  3.70171  2.43181  2.82884  5.00500  3.42359  2.73501  3.07848  1.61358  2.69728  2.90200  3.46078  6.42037  4.85648    927 r - - -
          2.68618  4.42225  2.77519  2.73123  3.46354  2.40513  3.72494  3.29354  2.67741  2.69355  4.24690  2.90347  2.73739  3.18146  2.89801  2.37887  2.77519  2.98518  4.58477  3.61503
          0.01426  6.59457  4.35871  0.61958  0.77255  2.72182  0.06802
     60   3.25074  5.13453  3.62890  3.74425  1.69027  3.64607  3.58746  2.75794  3.98091  1.61508  3.55945  3.45520  3.80575  3.65321  3.86541  3.43694  3.38741  2.59370  4.76244  2.22951    928 l - - -
          2.68618  4.42225  2.77519  2.73123  3.46354  2.40513  3.72494  3.29354  2.67741  2.69355  4.24690  2.90347  2.73739  3.18146  2.89801  2.37887  2.77519  2.98518  4.58477  3.61503
          0.00358  6.60772  6.10964  0.61958  0.77255  2.72047  0.06811
     61   1.96054  3.72538  2.83122  2.38452  3.48619  2.61602  3.85552  3.27387  3.12027  2.94692  3.39966  2.51452  3.57615  2.74609  3.03015  2.89132  3.23307  2.82127  5.96397  4.35326    929 a - - -
          2.68488  4.42365  2.77354  2.72959  3.46339  2.40694  3.72563  3.29553  2.67978  2.69437  4.24811  2.90262  2.73915  3.17885  2.89736  2.37798  2.77665  2.98655  4.56118  3.61646
          1.97341  0.15038  7.35435  0.67349  0.71319  0.75807  0.63218
     62   2.74876  4.99004  3.14945  2.96616  3.50256  2.69638  4.47814  2.48510  3.41384  1.62879  3.14274  3.86038  3.15375  3.35073  2.90435  3.22278  3.30618  2.17697  4.45404  4.18571    932 l - - -
          2.65978  4.43961  2.77859  2.71093  3.44760  2.42962  3.73596  3.27558  2.68915  2.65520  4.23640  2.93202  2.75446  3.16318  2.87503  2.40111  2.78953  2.97763  4.58570  3.62686
          2.34777  0.10850  4.92839  3.00847  0.05063  1.25844  0.33421
     63   2.53518  5.76976  2.94542  2.42087  2.14722  2.96043  3.78556  3.85207  2.82021  2.68290  3.52210  3.18796  3.79979  2.97527  2.27256  2.60855  3.35525  2.99891  7.17380  3.52978   1070 f - - -
          2.66595  4.40844  2.78489  2.71873  3.44300  2.43979  3.71129  3.27539  2.70130  2.62731  4.23344  2.93523  2.74238  3.16672  2.87337  2.40888  2.79650  2.97968  4.55895  3.61553
          3.73235  0.05119  3.65103  3.08866  0.04663  2.34272  0.10100
     64   2.06881  5.29055  2.39240  2.20315  3.27291  2.99216  4.26708  3.59945  2.61144  2.31730  3.66467  3.08041  3.61163  3.31526  3.08135  2.64479  3.38232  2.82809  4.79005  4.41071   1201 a - - -
          2.68618  4.42225  2.77519  2.73123  3.46354  2.40513  3.72494  3.29354  2.67741  2.69355  4.24690  2.90347  2.73739  3.18146  2.89801  2.37887  2.77519  2.98518  4.58477  3.61503
          0.39355  7.08521  1.12545  0.61958  0.77255  2.42932  0.09222
     65   2.66999  5.18034  2.70800  1.77152  4.22752  2.75916  3.21471  4.36023  2.54351  2.80832  4.41053  2.58490  4.10025  2.67805  2.43706  2.79154  3.23359  3.21479  6.86361  4.10936   1202 e - - -
          2.68618  4.42225  2.77519  2.73123  3.46354  2.40513  3.72494  3.29354  2.67741  2.69355  4.24690  2.90347  2.73739  3.18146  2.89801  2.37887  2.77519  2.98518  4.58477  3.61503
          0.00184  6.69373  7.41608  0.61958  0.77255  2.18695  0.11907
     66   2.49845  4.94673  3.24307  2.87823  3.22842  2.44547  3.38046  3.34333  2.93375  2.12585  3.55378  3.60807  3.19370  3.05995  2.50788  3.33251  2.84213  2.44347  6.06587  3.24515   1203 l - - -
          2.68618  4.42225  2.77519  2.73123  3.46354  2.40513  3.72494  3.29354  2.67741  2.69355  4.24690  2.90347  2.73739  3.18146  2.89801  2.37887  2.77519  2.98518  4.58477  3.61503
          0.02819  6.76066  3.62545  0.61958  0.77255  2.12295  0.12747
     67   3.05904  5.15239  3.28478  2.28848  1.54720  3.25221  4.17732  3.77674  3.09950  2.30140  3.28009  3.44858  4.80642  2.96145  2.39088  2.83289  3.79283  3.99464  4.82305  3.10695   1204 f - - -
          2.68618  4.42225  2.77519  2.73123  3.46354  2.40513  3.72494  3.29354  2.67741  2.69355  4.24690  2.90347  2.73739  3.18146  2.89801  2.37887  2.77519  2.98518  4.58477  3.61503
          0.04531  6.79698  3.14241  0.61958  0.77255  2.56950  0.07966
     68   2.72000  5.38021  2.30180  2.43618  3.64814  2.42778  3.17379  4.02191  3.01884  3.02977  3.38705  2.57924  3.54601  2.76579  2.39906  2.75178  3.15346  3.36004  3.96863  3.99735   1205 d - - -
          2.68618  4.42225  2.77519  2.73123  3.46354  2.40513  3.72494  3.29354  2.67741  2.69355  4.24690  2.90347  2.73739  3.18146  2.89801  2.37887  2.77519  2.98518  4.58477  3.61503
          0.00333  6.77552  6.12552  0.61958  0.77255  2.97893  0.05219
     69   3.13307  4.92697  4.25468  3.37566  2.46845  4.88072  4.16081  2.92295  3.70512  2.23484  4.03122  4.08809  5.39833  4.32320  3.45530  3.65249  3.47734  3.09058  0.96486  3.21191   1206 w - - -
          2.68609  4.42234  2.77536  2.73139  3.46370  2.40526  3.72497  3.29370  2.67751  2.69371  4.24706  2.90357  2.73756  3.18162  2.89817  2.37772  2.77524  2.98535  4.58493  3.61506
          0.12844  2.68785  2.94681  0.07182  2.66932  2.97067  0.05263
     70   3.08240  5.72240  3.44123  3.31182  2.52435  3.65358  4.19278  2.61560  3.32389  1.54791  4.03474  3.30778  4.17772  3.11530  2.20490  2.87801  3.23076  2.44219  6.06578  3.50154   1208 l - - -
          2.68618  4.42225  2.77519  2.73123  3.46354  2.40513  3.72494  3.29354  2.67741  2.69355  4.24690  2.90347  2.73739  3.18146  2.89801  2.37887  2.77519  2.98518  4.58477  3.61503
          0.01116  6.72798  4.61539  0.61958  0.77255  1.72542  0.19613
     71   2.18767  2.62552  2.82874  2.40731  4.19617  3.34428  3.67072  3.10357  3.17600  2.22466  3.23903  3.58470  3.87759  2.72565  2.66527  2.85838  2.90291  3.05955  5.33353  4.70589   1209 a - - -
          2.68568  4.42210  2.77693  2.73105  3.46466  2.40700  3.71983  3.29352  2.67891  2.69428  4.24542  2.89908  2.73973  3.18150  2.89702  2.37986  2.77838  2.98502  4.56075  3.60893
          0.54657  1.10360  2.41471  1.68724  0.20460  2.61542  0.07595
     72   2.56880  5.41915  2.61924  2.18370  3.12113  2.68199  4.22453  3.03037  2.51241  2.74374  4.36363  3.13274  3.13921  2.73581  2.77519  2.50839  3.27761  3.80198  5.42691  3.22070   1223 e - - -
          2.68618  4.42225  2.77519  2.73123  3.46354  2.40513  3.72494  3.29354  2.67741  2.69355  4.24690  2.90347  2.73739  3.18146  2.89801  2.37887  2.77519  2.98518  4.58477  3.61503
          0.00749  6.75934  5.06749  0.61958  0.77255  0.87104  0.54217
     73   2.79011  5.78125  2.74660  2.83339  2.35229  3.46796  2.72369  3.34592  3.25474  1.86479  3.35213  3.32834  3.22039  3.15058  2.66156  2.80951  3.32870  3.35500  4.00215  3.95795   1224 l - - -
          2.67703  4.44489  2.77001  2.71042  3.44266  2.42343  3.72335  3.27490  2.69774  2.65992  4.22531  2.92298  2.74945  3.17742  2.88576  2.39593  2.79277  2.98372  4.60838  3.58740
          2.95429  0.05860  5.33820  2.76458  0.06507  2.26828  0.10925
     74   2.41957  5.20505  1.96396  1.79753  2.68447  3.14312  3.96756  3.52835  3.19869  2.86934  4.90176  3.53192  3.65837  2.59795  3.25858  2.90698  3.17334  3.64231  6.40109  3.15517   1284 e - - -
          2.68618  4.42225  2.77519  2.73123  3.46354  2.40513  3.72494  3.29354  2.67741  2.69355  4.24690  2.90347  2.73739  3.18146  2.89801  2.37887  2.77519  2.98518  4.58477  3.61503
          0.32142  7.03488  1.29464  0.61958  0.77255  2.56280  0.08022
     75   2.31529  4.90002  2.38730  1.62042  3.16968  3.17903  3.58423  3.34322  3.24307  2.71742  4.26140  3.03641  4.08426  3.31133  3.04452  3.06633  2.69572  3.26384  5.92179  3.37346   1285 e - - -
          2.68618  4.42225  2.77519  2.73123  3.46354  2.40513  3.72494  3.29354  2.67741  2.69355  4.24690  2.90347  2.73739  3.18146  2.89801  2.37887  2.77519  2.98518  4.58477  3.61503
          0.05400  6.71745  2.96890  0.61958  0.77255  1.94435  0.15441
     76   2.30619  6.02165  2.79605  2.81903  2.74005  3.58266  4.41863  2.41734  3.29298  1.74936  3.73503  3.91939  5.12052  2.90877  3.20033  3.23204  3.18650  2.14322  4.00296  4.48363   1286 l - - -
          2.68618  4.42225  2.77519  2.73123  3.46354  2.40513  3.72494  3.29354  2.67741  2.69355  4.24690  2.90347  2.73739  3.18146  2.89801  2.37887  2.77519  2.98518  4.58477  3.61503
          0.00329  6.75963  6.15614  0.61958  0.77255  0.68311  0.70328
     77   2.24888  4.75985  2.56268  2.55730  3.54751  3.20475  3.84133  3.64743  2.68888  2.39294  3.68496  3.32907  3.76848  2.75041  2.11856  2.74145  3.39514  3.69010  3.06379  4.05782   1287 r - - -
          2.65915  4.43772  2.76327  2.70974  3.45115  2.42585  3.73214  3.28638  2.69484  2.66296  4.23431  2.92101  2.75764  3.16641  2.88440  2.39955  2.79460  2.98936  4.57328  3.59725
          3.25086  0.05669  4.11195  2.67652  0.07128  1.86903  0.16756
     78   2.70420  4.96140  1.65204  2.17172  4.02536  2.93643  3.82103  3.84753  2.82155  3.04561  4.18520  3.14095  3.07795  2.91180  2.70766  2.85440  2.48383  3.76757  6.38836  4.85178   1358 d - - -
          2.68611  4.42290  2.77479  2.73154  3.46297  2.40527  3.72560  3.29386  2.67811  2.69241  4.24684  2.90385  2.73639  3.18161  2.89828  2.37871  2.77529  2.98551  4.58552  3.61556
          0.48115  2.50860  1.20216  0.99488  0.46167  2.39736  0.09536
     79   3.20447  4.98853  3.54004  3.50942  1.63396  4.50805  3.97585  3.08430  3.76566  2.54764  3.60634  4.78018  3.03976  4.42880  3.00333  3.74748  3.37745  2.90638  1.70338  2.49903   1364 f - - -
          2.68618  4.42225  2.77519  2.73123  3.46354  2.40513  3.72494  3.29354  2.67741  2.69355  4.24690  2.90347  2.73739  3.18146  2.89801  2.37887  2.77519  2.98518  4.58477  3.61503
          0.09001  6.75032  2.46620  0.61958  0.77255  2.95730  0.05336
     80   2.43040  5.18702  1.59993  1.94242  5.26149  3.19163  3.90726  3.65105  2.86780  2.93652  4.67626  2.84895  3.57160  3.05725  2.81522  2.58611  2.93616  4.00850  5.15530  5.43368   1365 d - - -
          2.68618  4.42225  2.77519  2.73123  3.46354  2.40513  3.72494  3.29354  2.67741  2.69355  4.24690  2.90347  2.73739  3.18146  2.89801  2.37887  2.77519  2.98518  4.58477  3.61503
          0.00189  6.67016  7.39251  0.61958  0.77255  0.31323  1.31335
     81   2.23596  4.32530  2.96762  2.41102  2.93515  3.20572  3.79641  3.86501  2.82547  2.86121  2.76447  2.77328  3.90121  2.58171  2.73043  2.93504  2.65268  3.29327  4.73538  3.53487   1366 a - - -
          2.64226  4.46745  2.76733  2.68915  3.42163  2.45257  3.73562  3.30053  2.69793  2.65503  4.21067  2.93420  2.76188  3.14126  2.83462  2.41766  2.82306  3.00826  4.54021  3.58607
          3.20711  0.06022  4.01924  3.38717  0.03439  0.80751  0.59053
     82   2.37271  6.47224  2.39962  2.06577  3.67916  3.33232  4.11407  3.75172  2.99634  2.65398  2.99740  3.10063  2.52376  2.80626  2.84299  2.46531  3.10851  3.78214  5.66642  4.07574   1585 e - - -
          2.68619  4.42226  2.77516  2.73120  3.46355  2.40514  3.72496  3.29355  2.67738  2.69356  4.24665  2.90348  2.73741  3.18148  2.89802  2.37888  2.77517  2.98520  4.58478  3.61504
          0.31912  6.26244  1.30451  0.56719  0.83728  1.34091  0.30328
     83   2.50541  4.68290  2.27248  2.21795  3.48233  3.52222  4.58177  3.37484  2.55491  2.36934  4.14686  3.29296  3.30084  2.78719  3.16945  2.42822  2.57843  2.92424  6.00647  4.88483   1588 e - - -
          2.68618  4.42225  2.77519  2.73123  3.46354  2.40513  3.72494  3.29354  2.67741  2.69355  4.24690  2.90347  2.73739  3.18146  2.89801  2.37887  2.77519  2.98518  4.58477  3.61503
          0.05741  7.10676  2.90093  0.61958  0.77255  1.62250  0.21991
     84   2.18562  5.91700  3.20446  2.38264  3.77462  3.11110  3.65561  2.97427  3.03356  2.29383  2.73776  3.80642  2.86338  2.93649  2.33224  2.55169  3.51731  3.06080  6.29009  4.81871   1589 a - - -
          2.68618  4.42225  2.77519  2.73123  3.46354  2.40513  3.72494  3.29354  2.67741  2.69355  4.24690  2.90347  2.73739  3.18146  2.89801  2.37887  2.77519  2.98518  4.58477  3.61503
          0.27739  7.15168  1.42107  0.61958  0.77255  1.82966  0.17491
     85   2.06053  6.16886  2.86099  2.39906  3.31176  3.55282  3.21468  3.07560  2.55084  2.43329  3.57306  3.01163  4.24905  2.76332  2.44377  2.91273  2.85653  3.51792  6.67405  3.85741   1590 a - - -
          2.68618  4.42225  2.77519  2.73123  3.46354  2.40513  3.72494  3.29354  2.67741  2.69355  4.24690  2.90347  2.73739  3.18146  2.89801  2.37887  2.77519  2.98518  4.58477  3.61503
          0.00332  6.95440  6.05055  0.61958  0.77255  0.82495  0.57671
     86   2.48571  4.74916  1.89619  2.05590  4.56182  3.52346  3.33940  4.20715  2.49155  3.36891  4.16990  2.59170  3.25853  2.95275  2.69152  2.46459  2.91952  4.18049  4.74419  4.53755   1591 d - - -
          2.68618  4.42225  2.77519  2.73123  3.46354  2.40513  3.72494  3.29354  2.67741  2.69355  4.24690  2.90347  2.73739  3.18146  2.89801  2.37887  2.77519  2.98518  4.58477  3.61503
          0.01636  7.24010  4.16627  0.61958  0.77255  1.41523  0.27822
     87   1.26298  4.24427  3.85163  3.93370  2.81472  5.09817  3.47728  3.77238  3.40553  2.42897  4.07268  4.68041  2.27659  3.94009  3.57645  3.26953  3.73167  3.46943  2.79090  2.40848   1592 a - - -
          2.68618  4.42225  2.77519  2.73123  3.46354  2.40513  3.72494  3.29354  2.67741  2.69355  4.24690  2.90347  2.73739  3.18146  2.89801  2.37887  2.77519  2.98518  4.58477  3.61503
          0.01128  7.28951  4.55354  0.61958  0.77255  2.05808  0.13662
     88   2.56261  2.93122  4.28063  2.97095  2.53946  4.03363  2.72402  3.37861  3.57507  1.87710  4.67449  4.56443  4.69929  3.93457  2.91673  3.39682  3.98685  3.50505  2.87598  1.68121   1593 y - - -
          2.68545  4.42280  2.77479  2.72900  3.46147  2.40595  3.72560  3.29377  2.67788  2.69221  4.24565  2.90353  2.73866  3.18104  2.89794  2.37972  2.77588  2.98549  4.58641  3.61643
          0.34638  1.70460  2.19904  0.79342  0.60202  1.56058  0.23574
     89   1.77770  6.03048  2.75837  1.73701  4.84560  3.65506  3.74018  3.71630  2.28271  3.06456  4.15017  3.40694  4.74455  2.70371  2.69597  2.99035  3.06351  2.95270  6.40704  4.14968   1604 e - - -
          2.68618  4.42225  2.77519  2.73123  3.46354  2.40513  3.72494  3.29354  2.67741  2.69355  4.24690  2.90347  2.73739  3.18146  2.89801  2.37887  2.77519  2.98518  4.58477  3.61503
          0.09146  7.22272  2.44566  0.61958  0.77255  1.55877  0.23622
     90   2.68730  5.30221  4.28207  3.10637  3.51681  3.99969  4.65249  1.80961  3.61323  1.80886  3.28486  3.78899  5.21047  3.69130  3.41513  3.90167  2.59009  1.54362  5.29551  3.95684   1605 v - - -
          2.68618  4.42225  2.77519  2.73123  3.46354  2.40513  3.72494  3.29354  2.67741  2.69355  4.24690  2.90347  2.73739  3.18146  2.89801  2.37887  2.77519  2.98518  4.58477  3.61503
          0.02900  7.19415  3.58166  0.61958  0.77255  1.29625  0.31959
     91   3.33837  5.63679  4.71588  3.71383  2.36062  4.68478  5.61287  3.14999  4.37069  0.52122  3.17742  4.76590  4.87939  4.19633  4.69080  3.94412  3.74657  3.30979  5.40631  5.28814   1606 L - - -
          2.68630  4.42255  2.77549  2.73143  3.46384  2.40542  3.72511  3.29384  2.67730  2.69385  4.24719  2.90360  2.73766  3.17945  2.89782  2.37878  2.77424  2.98545  4.58507  3.61533
          0.12729  2.57639  3.13567  0.04148  3.20331  1.69626  0.20257
     92   3.02878  5.20874  2.72315  1.96641  5.21955  0.86762  4.50424  4.51319  3.41325  3.97606  5.67780  2.56715  3.62177  3.26867  3.60589  3.34366  4.01268  4.49785  6.80867  5.60107   1608 g - - -
          2.68621  4.42243  2.77537  2.73142  3.46372  2.40531  3.72513  3.29368  2.67756  2.69370  4.24687  2.90362  2.73660  3.18000  2.89789  2.37892  2.77537  2.98531  4.58495  3.61521
          0.08250  3.71069  2.90532  0.67185  0.71491  1.65246  0.21267
     93   3.51067  3.29852  4.47788  3.81944  2.83761  5.29626  5.02559  2.01479  4.31095  1.19020  4.10361  4.81660  4.21892  4.75925  3.56885  4.06561  3.43094  1.45109  6.42425  4.05777   1611 l - - -
          2.68609  4.41809  2.77460  2.73110  3.46419  2.40568  3.72528  3.29304  2.67793  2.69376  4.24739  2.90364  2.73760  3.18120  2.89749  2.37897  2.77552  2.98492  4.58331  3.61500
          0.27774  1.87205  2.42254  0.14527  2.00092  1.14232  0.38431
     94   2.45213  6.19019  2.65290  2.49412  5.74216  3.06397  3.94996  4.66248  2.66173  3.89472  5.70499  3.04214  1.66541  3.04793  3.35270  2.08038  2.40055  3.26118  7.33325  4.35274   1619 p - - -
          2.68626  4.42248  2.77511  2.73146  3.46377  2.40536  3.72506  3.29211  2.67739  2.69378  4.24713  2.90366  2.73763  3.18125  2.89799  2.37896  2.77424  2.98541  4.58500  3.61526
          0.13361  3.30684  2.42551  0.51261  0.91361  2.57635  0.07910
     95   2.41195  6.24087  2.74920  2.02997  4.60985  3.40492  4.34105  3.65446  2.69084  3.01427  4.49438  3.80291  1.58364  2.91726  2.69114  2.97649  3.62803  2.96876  4.47135  4.32770   1622 p - - -
          2.68620  4.42228  2.77518  2.73125  3.46357  2.40515  3.72440  3.29357  2.67742  2.69347  4.24693  2.90350  2.73742  3.18145  2.89804  2.37888  2.77522  2.98521  4.58480  3.61506
          0.08796  4.68001  2.59130  0.25331  1.49711  1.65749  0.21148
     96   2.84957  5.31844  1.85682  2.27950  4.65453  1.75681  3.89157  4.72369  2.89399  3.88528  5.49184  2.78384  3.12225  2.71659  3.24862  2.82777  2.49521  4.02878  6.26177  4.18742   1624 g - - -
          2.68646  4.42288  2.77512  2.73178  3.46423  2.40616  3.72613  3.29185  2.67770  2.69297  4.24755  2.90332  2.73746  3.18170  2.89467  2.37963  2.77569  2.98394  4.58420  3.61562
          0.29653  1.52323  3.25443  0.73625  0.65182  0.82951  0.57317
     97   0.97691  5.12158  2.84973  2.92710  3.99809  3.33555  4.02480  3.92616  3.43879  2.86115  4.45935  3.23465  2.85030  3.60861  3.99162  2.91224  2.72987  3.58108  4.53247  4.35853   1631 a - - -
          2.68618  4.42225  2.77519  2.73123  3.46354  2.40513  3.72494  3.29354  2.67741  2.69355  4.24690  2.90347  2.73739  3.18146  2.89801  2.37887  2.77519  2.98518  4.58477  3.61503
          0.08330  7.29930  2.53515  0.61958  0.77255  2.02411  0.14169
     98   3.05189  5.13874  1.87514  2.93562  5.56296  3.30085  4.89839  4.44197  3.45237  3.74661  4.90679  3.14704  2.79920  3.64796  3.69392  1.32563  1.77655  4.36526  6.89479  4.23276   1632 s - - -
          2.68634  4.42266  2.77559  2.73161  3.46344  2.40566  3.72495  3.29336  2.67790  2.69176  4.24630  2.90397  2.73775  3.18173  2.89860  2.37900  2.77447  2.98486  4.58122  3.61436
          0.10554  2.37424  4.95053  0.52060  0.90181  1.26018  0.33352
     99   2.80459  5.16776  3.11310  2.52266  2.60772  3.74660  4.00488  3.86120  2.52623  1.85482  4.28517  2.97902  2.47797  2.93291  2.58513  2.76978  3.18924  3.50032  4.85680  4.07136   1635 l - - -
          2.68618  4.42225  2.77519  2.73123  3.46354  2.40513  3.72494  3.29354  2.67741  2.69355  4.24690  2.90347  2.73739  3.18146  2.89801  2.37887  2.77519  2.98518  4.58477  3.61503
          0.05859  7.31385  2.87818  0.61958  0.77255  1.90857  0.16051
    100   1.81678  6.23800  2.07458  1.56687  5.71762  3.72672  4.13611  4.60231  2.20292  3.73401  5.15615  3.55055  3.51085  2.97156  2.58323  2.76827  3.33990  3.93078  7.35277  5.55583   1636 e - - -
          2.68618  4.42225  2.77519  2.73123  3.46354  2.40513  3.72494  3.29354  2.67741  2.69355  4.24690  2.90347  2.73739  3.18146  2.89801  2.37887  2.77519  2.98518  4.58477  3.61503
          0.00722  7.27724  5.03486  0.61958  0.77255  2.33629  0.10168
    101   2.30531  5.53865  2.06590  1.07123  4.88177  4.02761  4.91256  4.29294  3.04960  3.72460  4.49615  4.12994  4.75390  2.80843  3.21050  2.46966  2.77994  4.01479  7.35427  4.92006   1637 e - - -
          2.68619  4.42226  2.77521  2.73125  3.46355  2.40514  3.72496  3.29355  2.67742  2.69356  4.24691  2.90348  2.73741  3.18129  2.89802  2.37888  2.77521  2.98505  4.58478  3.61504
          0.00290  5.96740  8.00273  0.64428  0.74453  2.13156  0.12630
    102   2.24018  5.48294  6.00358  5.39249  4.65648  5.12832  6.02153  0.93945  5.05966  1.69542  4.29742  5.47580  5.02699  5.21938  4.86334  4.51743  4.18075  1.58102  4.91472  4.95821   1640 i - - -
          2.68618  4.42225  2.77519  2.73123  3.46354  2.40513  3.72494  3.29354  2.67741  2.69355  4.24690  2.90347  2.73739  3.18146  2.89801  2.37887  2.77519  2.98518  4.58477  3.61503
          0.01456  7.29801  4.28497  0.61958  0.77255  2.27850  0.10807
    103   3.76802  6.30626  3.64925  2.92372  4.92076  4.84319  4.53119  5.08424  1.03693  3.87997  5.41777  3.42735  4.74744  2.54192  1.30156  3.75453  2.99046  4.24468  7.36681  5.82582   1641 k - - -
          2.68592  4.42254  2.77510  2.73145  3.46263  2.40536  3.72524  3.29365  2.67770  2.69312  4.24514  2.90363  2.73683  3.18176  2.89766  2.37916  2.77545  2.98548  4.58506  3.61532
          0.03219  3.51945  6.18612  0.88142  0.53476  1.58582  0.22914
    104   2.24542  6.28589  3.47516  2.56880  6.05824  3.60283  4.26592  4.53189  1.54519  3.51624  5.52795  3.64434  5.39585  2.32704  1.57595  2.62500  2.96933  3.87922  7.40084  5.74395   1645 k - - -
          2.68618  4.42225  2.77519  2.73123  3.46354  2.40513  3.72494  3.29354  2.67741  2.69355  4.24690  2.90347  2.73739  3.18146  2.89801  2.37887  2.77519  2.98518  4.58477  3.61503
          0.00545  7.33216  5.34413  0.61958  0.77255  2.31330  0.10418
    105   1.08820  5.47318  4.73167  3.53940  5.88080  4.26721  4.44901  3.22693  3.00875  2.09745  4.91071  3.99721  4.52264  3.27264  1.64163  3.42767  3.51934  3.28454  4.59280  5.80755   1646 a - - -
          2.68618  4.42225  2.77519  2.73123  3.46354  2.40513  3.72494  3.29354  2.67741  2.69355  4.24690  2.90347  2.73739  3.18146  2.89801  2.37887  2.77519  2.98518  4.58477  3.61503
          0.00932  7.33391  4.75335  0.61958  0.77255  2.20592  0.11670
    106   3.57764  5.88178  6.07367  4.42728  2.15607  5.02215  4.07564  4.33712  4.09428  3.37266  4.15469  4.73310  6.08417  4.15788  2.93260  4.51472  4.25910  3.77047  3.55890  0.54582   1647 Y - - -
          2.68618  4.42225  2.77519  2.73123  3.46354  2.40513  3.72494  3.29354  2.67741  2.69355  4.24690  2.90347  2.73739  3.18146  2.89801  2.37887  2.77519  2.98518  4.58477  3.61503
          0.01430  7.33288  4.30176  0.61958  0.77255  1.76053  0.18869
    107   3.15362  6.09916  3.52425  3.33409  4.53655  4.94946  3.85514  4.02285  1.80857  2.23286  4.17161  3.48457  4.50439  3.74650  0.95049  3.53412  3.65335  3.83192  5.95034  4.18057   1648 r - - -
          2.68600  4.42235  2.77598  2.73209  3.46302  2.40594  3.72470  3.29040  2.67818  2.69304  4.24701  2.90425  2.73819  3.17735  2.89851  2.37871  2.77490  2.98519  4.58563  3.61589
          0.14964  3.16236  2.33663  1.52061  0.24664  2.04294  0.13886
    108   2.24015  5.93647  2.98810  2.08970  5.40086  4.75287  4.13657  3.98035  1.90718  3.35946  4.10260  3.25402  5.07815  2.28748  1.70574  2.66470  3.13977  3.72717  6.46060  5.92173   1656 r - - -
          2.68639  4.42225  2.77512  2.73075  3.46373  2.40512  3.72517  3.29361  2.67791  2.69332  4.24661  2.90391  2.73760  3.18174  2.89566  2.37924  2.77589  2.98486  4.58554  3.61512
          0.04074  3.25887  6.50653  1.59095  0.22782  1.04380  0.43404
    109   2.43970  5.05568  4.28140  3.50595  4.34951  3.56249  4.62589  3.03136  3.12457  0.63287  3.70960  4.69632  4.89883  3.62938  3.48297  3.56360  4.03597  3.38373  5.52323  5.11399   1672 L - - -
          2.68618  4.42225  2.77519  2.73123  3.46354  2.40513  3.72494  3.29354  2.67741  2.69355  4.24690  2.90347  2.73739  3.18146  2.89801  2.37887  2.77519  2.98518  4.58477  3.61503
          0.00422  7.35411  5.63420  0.61958  0.77255  2.42638  0.09251
    110   1.18247  3.74511  4.50602  3.82165  4.69965  4.66113  5.87834  2.54031  3.66820  2.47147  3.32972  4.62193  5.17698  3.59598  3.34000  2.71240  3.77223  1.52789  6.82529  5.27412   1673 a - - -
          2.68602  4.42202  2.77542  2.73146  3.46376  2.40483  3.72517  3.29355  2.67763  2.69368  4.24712  2.90363  2.73753  3.18169  2.89823  2.37878  2.77533  2.98414  4.58499  3.61426
          0.04398  3.94711  3.74147  0.97091  0.47600  2.12601  0.12705
    111   2.42865  6.29086  3.99667  3.18023  4.57961  3.76124  3.82063  3.79574  1.12224  2.71473  3.44497  4.00100  4.52195  2.76900  1.96359  2.75494  3.62801  4.12138  5.22363  5.41948   1678 k - - -
          2.68618  4.42225  2.77519  2.73123  3.46354  2.40513  3.72494  3.29354  2.67741  2.69355  4.24690  2.90347  2.73739  3.18146  2.89801  2.37887  2.77519  2.98518  4.58477  3.61503
          0.05069  7.33459  3.02055  0.61958  0.77255  2.01878  0.14251
    112   2.56662  5.04194  3.89805  2.39804  4.98477  3.93240  4.37851  2.49193  1.94627  2.49141  4.03068  3.30965  4.77929  2.03793  2.07121  3.14945  3.15235  3.01836  6.80232  5.62889   1679 k - - -
          2.68618  4.42225  2.77519  2.73123  3.46354  2.40513  3.72494  3.29354  2.67741  2.69355  4.24690  2.90347  2.73739  3.18146  2.89801  2.37887  2.77519  2.98518  4.58477  3.61503
          0.00883  7.29870  4.81412  0.61958  0.77255  1.83381  0.17412
    113   2.41757  3.34599  4.68862  4.11570  2.69810  4.53287  2.14859  3.15216  5.22634  1.75626  4.20427  3.68428  4.90946  5.08821  4.25184  3.74102  4.07802  2.95842  2.97554  1.49992   1680 y - - -
          2.68618  4.42225  2.77519  2.73123  3.46354  2.40513  3.72494  3.29354  2.67741  2.69355  4.24690  2.90347  2.73739  3.18146  2.89801  2.37887  2.77519  2.98518  4.58477  3.61503
          0.07391  7.31749  2.65105  0.61958  0.77255  2.42465  0.09267
    114   3.98242  6.24152  3.67725  3.30934  5.35969  4.67781  0.33127  4.97733  3.70691  4.22018  5.56405  4.02365  4.66692  4.27364  3.48631  3.95144  3.76364  4.72755  6.00753  4.60276   1681 H - - -
          2.68618  4.42225  2.77519  2.73123  3.46354  2.40513  3.72494  3.29354  2.67741  2.69355  4.24690  2.90347  2.73739  3.18146  2.89801  2.37887  2.77519  2.98518  4.58477  3.61503
          0.01699  7.24819  4.12702  0.61958  0.77255  2.10720  0.12963
    115   3.42802  6.81071  4.46711  3.44954  5.40775  4.33445  4.84467  5.13339  3.88195  4.25955  5.39488  4.29644  0.29196  3.91160  4.22588  3.50974  4.26100  4.60202  7.26718  5.88079   1682 P - - -
          2.68618  4.42225  2.77519  2.73123  3.46354  2.40513  3.72494  3.29354  2.67741  2.69355  4.24690  2.90347  2.73739  3.18146  2.89801  2.37887  2.77519  2.98518  4.58477  3.61503
          0.02604  7.25458  3.68882  0.61958  0.77255  2.39650  0.09545
    116   3.78303  4.91020  0.32893  3.09777  5.25822  4.45282  4.14270  4.50589  3.85119  3.50598  4.66709  4.11511  5.29722  4.03050  4.05154  3.93970  4.41883  4.74264  7.26793  5.75032   1683 D - - -
          2.68618  4.42225  2.77519  2.73123  3.46354  2.40513  3.72494  3.29354  2.67741  2.69355  4.24690  2.90347  2.73739  3.18146  2.89801  2.37887  2.77519  2.98518  4.58477  3.61503
          0.00664  7.24000  5.13201  0.61958  0.77255  2.04986  0.13783
    117   2.53057  4.65165  3.49971  3.51323  4.53831  3.95774  3.32767  3.56802  1.82830  2.30674  4.00299  2.54919  4.50633  3.24209  1.55655  2.91985  3.02986  3.52384  6.27859  5.17446   1684 r - - -
          2.68650  4.42257  2.77544  2.73156  3.46386  2.40537  3.72438  3.29386  2.67745  2.69381  4.24722  2.89993  2.73755  3.18138  2.89798  2.37914  2.77546  2.98551  4.58509  3.61535
          0.21065  2.48809  2.23608  0.03858  3.27417  2.28307  0.10755
    118   2.39278  4.29736  3.42813  2.72544  2.43170  1.49452  3.24594  3.98320  3.35661  3.21730  3.45557  3.25348  4.03013  3.63282  3.63785  3.10940  3.85328  2.25363  5.57961  3.29745   1686 g - - -
          2.68615  4.41986  2.77535  2.73137  3.46368  2.40521  3.72500  3.29379  2.67759  2.69376  4.24708  2.90348  2.73725  3.18140  2.89773  2.37869  2.77488  2.98540  4.58506  3.61532
          0.14712  2.51259  2.88682  0.04295  3.16906  1.32206  0.31005
    119   2.01770  6.41795  2.45459  3.56352  4.76867  1.06474  4.35024  4.60354  3.41962  3.77379  5.55685  3.46433  2.80271  2.88733  3.03269  2.92362  3.31752  3.88068  6.91800  4.83690   1688 g - - -
          2.68618  4.42225  2.77519  2.73123  3.46354  2.40513  3.72494  3.29354  2.67741  2.69355  4.24690  2.90347  2.73739  3.18146  2.89801  2.37887  2.77519  2.98518  4.58477  3.61503
          0.04723  7.21204  3.09227  0.61958  0.77255  1.52453  0.24555
    120   2.77368  4.96212  1.43815  2.58239  5.56220  2.18483  3.32510  4.53299  3.29361  3.85894  4.92467  2.55257  3.28469  3.06695  3.84403  1.94102  3.25328  4.05625  6.97065  5.23626   1689 d - - -
          2.68565  4.42243  2.77518  2.73117  3.46311  2.40528  3.72502  3.29365  2.67746  2.69366  4.24707  2.90338  2.73757  3.18156  2.89782  2.37895  2.77526  2.98521  4.58494  3.61513
          0.32046  3.21072  1.45305  0.20175  1.69989  1.83943  0.17305
    121   2.37897  6.33674  1.84238  2.28377  4.28762  2.91817  3.32739  5.10726  3.01554  2.27632  4.63149  2.52269  3.03929  2.99102  3.13996  2.97284  3.16013  3.33463  4.84338  4.17371   1692 d - - -
          2.68631  4.42291  2.77452  2.73056  3.46372  2.40562  3.72548  3.29350  2.67796  2.69334  4.24697  2.90229  2.73803  3.18205  2.89799  2.37855  2.77569  2.98452  4.58543  3.61528
          0.29562  1.82781  2.35214  0.30471  1.33688  0.62919  0.76148
    122   2.26871  5.54826  2.78389  2.16794  3.62531  2.28081  4.53062  3.43089  2.56293  2.79281  5.16598  3.68365  2.27549  3.45223  2.40204  2.96907  3.12628  3.59528  5.28411  3.78986   1703 e - - -
          2.66901  4.42938  2.77695  2.72519  3.47108  2.41327  3.72941  3.29417  2.67288  2.68445  4.24805  2.91212  2.74684  3.16416  2.88798  2.38592  2.78280  2.99138  4.58445  3.61360
          1.93759  0.21372  3.02886  1.50674  0.25055  0.59244  0.80515
    123   2.52807  4.70260  3.15269  1.61577  3.96247  4.14217  3.16713  3.55390  2.94521  2.54498  3.90658  3.56272  4.20519  2.48531  3.36747  3.21797  2.02517  3.01957  4.16303  4.17481   1725 e - - -
          2.68618  4.42225  2.77519  2.73123  3.46354  2.40513  3.72494  3.29354  2.67741  2.69355  4.24690  2.90347  2.73739  3.18146  2.89801  2.37887  2.77519  2.98518  4.58477  3.61503
          0.24607  7.37657  1.52552  0.61958  0.77255  1.79313  0.18205
    124   2.14468  6.42658  2.53902  1.25726  4.34681  4.01865  3.46906  3.61891  2.61692  3.22731  4.07109  3.89494  4.22511  2.70362  2.63248  3.30648  3.29122  3.57399  5.52154  3.93525   1726 e - - -
          2.68618  4.42225  2.77519  2.73123  3.46354  2.40513  3.72494  3.29354  2.67741  2.69355  4.24690  2.90347  2.73739  3.18146  2.89801  2.37887  2.77519  2.98518  4.58477  3.61503
          0.01161  7.14970  4.53207  0.61958  0.77255  2.30289  0.10533
    125   2.54206  6.54100  3.74368  2.12083  3.13801  4.34993  3.88406  3.01265  1.97711  2.01562  3.56566  4.04643  4.52032  2.83244  1.91687  3.40042  3.18669  3.39476  7.23648  4.95877   1727 r - - -
          2.68618  4.42225  2.77519  2.73123  3.46354  2.40513  3.72494  3.29354  2.67741  2.69355  4.24690  2.90347  2.73739  3.18146  2.89801  2.37887  2.77519  2.98518  4.58477  3.61503
          0.01623  7.16523  4.17806  0.61958  0.77255  1.04580  0.43296
    126   2.87050  4.74349  5.57116  4.42175  1.70122  3.61127  5.51969  2.61911  3.95795  1.75947  1.76044  5.00167  5.27642  3.67868  3.97003  3.03670  2.28881  3.44867  4.37429  3.93691   1728 f - - -
          2.68618  4.42225  2.77519  2.73123  3.46354  2.40513  3.72494  3.29354  2.67741  2.69355  4.24690  2.90347  2.73739  3.18146  2.89801  2.37887  2.77519  2.98518  4.58477  3.61503
          0.01104  7.29017  4.57563  0.61958  0.77255  1.85963  0.16928
    127   2.45506  5.50808  3.30738  2.36645  5.13994  3.12263  4.22886  3.13740  1.65336  3.88699  5.05642  4.04933  5.39890  1.76831  2.00262  3.17366  3.33428  3.15958  6.50301  5.39796   1729 k - - -
          2.68618  4.42225  2.77519  2.73123  3.46354  2.40513  3.72494  3.29354  2.67741  2.69355  4.24690  2.90347  2.73739  3.18146  2.89801  2.37887  2.77519  2.98518  4.58477  3.61503
          0.00609  7.30726  5.22096  0.61958  0.77255  1.63057  0.21793
    128   2.72762  5.56745  2.96684  1.76663  5.55162  4.26127  4.66429  3.73915  2.45802  2.38814  4.68533  3.70308  4.58035  2.20565  1.42757  3.28243  3.74486  4.01351  6.57809  5.29699   1730 r - - -
          2.68618  4.42225  2.77519  2.73123  3.46354  2.40513  3.72494  3.29354  2.67741  2.69355  4.24690  2.90347  2.73739  3.18146  2.89801  2.37887  2.77519  2.98518  4.58477  3.61503
          0.03574  7.33732  3.36806  0.61958  0.77255  2.23273  0.11343
    129   3.37147  5.88407  5.80586  4.46398  3.51776  4.48791  5.17073  1.10195  3.67685  1.39793  4.39515  5.39024  6.14872  5.16603  5.03222  4.84713  4.66258  1.44700  6.18543  4.48892   1731 i - - -
          2.68618  4.42225  2.77519  2.73123  3.46354  2.40513  3.72494  3.29354  2.67741  2.69355  4.24690  2.90347  2.73739  3.18146  2.89801  2.37887  2.77519  2.98518  4.58477  3.61503
          0.00783  7.30954  4.94368  0.61958  0.77255  1.56433  0.23474
    130   3.03641  4.65172  3.72619  2.58757  4.95271  4.80405  3.81060  2.57781  3.37225  3.39400  4.84381  0.95426  4.82757  2.88022  3.63469  3.00236  2.44867  3.40333  6.66231  4.85047   1732 n - - -
          2.68618  4.42225  2.77519  2.73123  3.46354  2.40513  3.72494  3.29354  2.67741  2.69355  4.24690  2.90347  2.73739  3.18146  2.89801  2.37887  2.77519  2.98518  4.58477  3.61503
          0.00097  7.33949  8.06184  0.61958  0.77255  2.08452  0.13281
    131   1.78185  6.51970  3.24999  1.51909  5.95832  3.59478  3.69055  4.02667  2.83300  3.06301  4.74140  3.13392  3.22206  2.13208  2.85620  3.20064  3.12305  3.72964  4.58135  4.98145   1733 e - - -
          2.68618  4.42225  2.77519  2.73123  3.46354  2.40513  3.72494  3.29354  2.67741  2.69355  4.24690  2.90347  2.73739  3.18146  2.89801  2.37887  2.77519  2.98518  4.58477  3.61503
          0.00480  7.34703  5.48716  0.61958  0.77255  2.15516  0.12317
    132   0.38311  5.91008  4.15614  2.69440  5.15730  4.66175  5.26137  4.29112  3.81198  4.05416  4.52176  4.48871  5.01063  3.41282  4.21924  3.36846  4.11844  3.94367  7.29308  4.46011   1734 A - - -
          2.68618  4.42225  2.77519  2.73123  3.46354  2.40513  3.72494  3.29354  2.67741  2.69355  4.24690  2.90347  2.73739  3.18146  2.89801  2.37887  2.77519  2.98518  4.58477  3.61503
          0.00603  7.34886  5.22635  0.61958  0.77255  1.42484  0.27516
    133   3.41107  5.51985  4.57866  3.96466  2.77968  4.92761  4.33137  3.73134  3.46550  2.76021  3.49375  5.06455  5.50342  3.85055  2.51245  4.66918  4.14117  3.32859  2.82480  0.75665   1735 y - - -
          2.68618  4.42225  2.77519  2.73123  3.46354  2.40513  3.72494  3.29354  2.67741  2.69355  4.24690  2.90347  2.73739  3.18146  2.89801  2.37887  2.77519  2.98518  4.58477  3.61503
          0.00453  7.37880  5.54731  0.61958  0.77255  2.28627  0.10719
    134   2.49090  7.00693  1.73407  1.50995  4.56709  3.44072  3.44097  4.77082  2.45406  4.36668  4.90543  3.02021  4.66984  2.26161  2.80664  3.18733  3.37911  3.81903  5.50965  5.17035   1736 e - - -
          2.68618  4.42225  2.77519  2.73123  3.46354  2.40513  3.72494  3.29354  2.67741  2.69355  4.24690  2.90347  2.73739  3.18146  2.89801  2.37887  2.77519  2.98518  4.58477  3.61503
          0.02273  7.37364  3.82362  0.61958  0.77255  1.75302  0.19025
    135   2.07672  4.97833  3.12498  2.46776  3.87104  4.58808  3.72231  2.85941  2.75749  2.22956  4.39843  3.24507  5.62809  2.60320  2.35904  3.11370  2.75600  2.70301  5.67327  2.92399   1737 a - - -
          2.68521  4.42319  2.77410  2.73010  3.46447  2.40445  3.72547  3.29443  2.67758  2.69426  4.24774  2.90379  2.73820  3.18082  2.89649  2.37963  2.77592  2.98561  4.58465  3.61557
          0.14137  2.52248  2.96472  0.97342  0.47447  2.17202  0.12098
    136   2.62763  4.49964  3.19746  4.51285  3.40288  4.07816  4.32669  2.00143  4.87604  0.77215  4.52895  4.19567  5.55996  4.41981  3.92886  4.71783  4.39924  2.41996  6.42016  3.75460   1742 l - - -
          2.68618  4.42225  2.77519  2.73123  3.46354  2.40513  3.72494  3.29354  2.67741  2.69355  4.24690  2.90347  2.73739  3.18146  2.89801  2.37887  2.77519  2.98518  4.58477  3.61503
          0.02189  7.31785  3.86397  0.61958  0.77255  2.39944  0.09516
    137   3.22400  5.12481  3.06330  2.92098  4.12624  3.49223  4.76786  3.48843  1.76998  1.77996  3.51128  3.63549  5.60163  2.93235  1.74081  2.80869  3.17382  3.46917  7.35215  5.02765   1743 r - - -
          2.68618  4.42225  2.77519  2.73123  3.46354  2.40513  3.72494  3.29354  2.67741  2.69355  4.24690  2.90347  2.73739  3.18146  2.89801  2.37887  2.77519  2.98518  4.58477  3.61503
          0.00942  7.29582  4.74437  0.61958  0.77255  2.48665  0.08685
    138   2.32149  6.30289  2.59405  2.64648  4.99898  3.78958  3.62466  4.52929  2.07222  2.83738  3.23933  3.11378  4.13067  2.31152  1.98709  2.47309  3.13673  3.67180  6.31224  4.40201   1744 r - - -
          2.68618  4.42225  2.77519  2.73123  3.46354  2.40513  3.72494  3.29354  2.67741  2.69355  4.24690  2.90347  2.73739  3.18146  2.89801  2.37887  2.77519  2.98518  4.58477  3.61503
          0.02330  7.26902  3.80180  0.61958  0.77255  2.40831  0.09427
    139   2.37393  4.96523  3.07645  2.52035  3.87406  2.97631  3.23104  3.28379  2.63356  2.43230  4.76498  3.41661  3.48192  2.53354  2.69175  2.85157  3.44476  2.84220  4.56414  2.43811   1745 a - - -
          2.68587  4.42256  2.77559  2.73144  3.46393  2.40472  3.72532  3.29394  2.67763  2.69382  4.24729  2.90377  2.73754  3.18180  2.89521  2.37899  2.77548  2.98540  4.58517  3.61536
          0.12593  2.27309  4.17803  0.03171  3.46683  2.18478  0.11935
    140   2.40515  4.42133  3.58401  2.81600  3.00290  3.65667  3.84871  3.33987  2.46049  1.45600  4.29766  3.35947  4.50710  3.27820  2.65105  3.34677  3.19621  3.01192  4.58831  2.87866   1747 l - - -
          2.68618  4.42225  2.77519  2.73123  3.46354  2.40513  3.72494  3.29354  2.67741  2.69355  4.24690  2.90347  2.73739  3.18146  2.89801  2.37887  2.77519  2.98518  4.58477  3.61503
          0.00509  7.20236  5.44182  0.61958  0.77255  2.37186  0.09795
    141   2.29127  4.14149  3.23769  2.60210  3.61350  2.52193  4.61007  4.56251  2.26391  2.61495  4.52626  3.00763  3.45478  3.11452  1.94732  2.43992  3.04420  3.24395  5.72038  4.72664   1748 r - - -
          2.68546  4.42306  2.77509  2.73142  3.46366  2.40532  3.72553  3.29353  2.67680  2.69352  4.24596  2.90390  2.73789  3.18060  2.89785  2.37918  2.77525  2.98546  4.58504  3.61480
          0.20291  1.85729  3.59171  0.58098  0.81950  1.38718  0.28739
    142   2.55502  5.57356  2.62336  2.29804  3.00624  3.20449  3.62181  4.40531  2.47638  2.87942  3.84308  2.72257  3.39461  2.76023  1.96775  2.51014  3.42994  3.99391  4.98027  4.29769   1752 r - - -
          2.68259  4.42448  2.77574  2.72911  3.46657  2.40749  3.72684  3.29427  2.68089  2.68968  4.24504  2.90634  2.73777  3.17521  2.89440  2.37999  2.77668  2.98485  4.58733  3.61738
          0.48140  1.14314  2.76035  1.72972  0.19521  2.12930  0.12661
    143   2.15946  5.09353  3.35031  2.40521  4.94442  2.72720  3.36040  3.50600  2.64528  2.93629  5.04135  2.83063  2.39595  3.18804  2.75225  2.48840  3.08747  3.04963  3.32074  4.01078   1784 a - - -
          2.68618  4.42225  2.77519  2.73123  3.46354  2.40513  3.72494  3.29354  2.67741  2.69355  4.24690  2.90347  2.73739  3.18146  2.89801  2.37887  2.77519  2.98518  4.58477  3.61503
          0.09654  6.93263  2.39631  0.61958  0.77255  2.31491  0.10400
    144   2.36226  5.68062  3.00227  1.81734  4.72486  2.22433  3.58082  3.28534  2.80381  3.15860  4.60209  3.03378  2.99970  3.15792  2.82923  2.27025  2.93574  3.54645  6.43185  4.76288   1785 e - - -
          2.68618  4.42225  2.77519  2.73123  3.46354  2.40513  3.72494  3.29354  2.67741  2.69355  4.24690  2.90347  2.73739  3.18146  2.89801  2.37887  2.77519  2.98518  4.58477  3.61503
          0.04281  6.79028  3.19948  0.61958  0.77255  2.56664  0.07990
    145   2.22321  4.27513  3.09151  3.00365  3.07587  3.50194  2.71722  3.86358  2.33000  3.24900  4.98454  2.75840  3.13856  2.67575  3.03190  2.40148  2.94588  3.17825  5.39787  2.75896   1786 a - - -
          2.68618  4.42225  2.77519  2.73123  3.46354  2.40513  3.72494  3.29354  2.67741  2.69355  4.24690  2.90347  2.73739  3.18146  2.89801  2.37887  2.77519  2.98518  4.58477  3.61503
          0.04597  6.73964  3.12939  0.61958  0.77255  2.35852  0.09933
    146   2.43403  6.19722  2.62157  2.55218  3.81383  2.76442  3.76215  2.36155  2.81169  2.72309  3.82275  3.32821  3.52676  2.89801  2.40233  2.66882  3.07677  2.94544  5.69400  3.60552   1787 i - - -
          2.68618  4.42225  2.77519  2.73123  3.46354  2.40513  3.72494  3.29354  2.67741  2.69355  4.24690  2.90347  2.73739  3.18146  2.89801  2.37887  2.77519  2.98518  4.58477  3.61503
          0.02381  6.70992  3.80260  0.61958  0.77255  1.47266  0.26047
    147   1.94788  5.02044  2.42360  2.13217  4.00275  3.38994  4.11742  3.90741  2.41504  2.96493  4.13651  3.21466  2.62529  3.03540  2.96145  2.33224  3.01670  3.72236  6.43994  4.25606   1788 a - - -
          2.68618  4.42225  2.77519  2.73123  3.46354  2.40513  3.72494  3.29354  2.67741  2.69355  4.24690  2.90347  2.73739  3.18146  2.89801  2.37887  2.77519  2.98518  4.58477  3.61503
          0.13786  6.80408  2.05833  0.61958  0.77255  1.69699  0.20240
    148   1.86230  5.48707  3.46465  2.62812  3.15847  3.21125  4.04378  3.14365  2.89023  2.25552  3.89639  3.49002  3.06710  3.00006  2.90689  2.94074  2.83808  2.31307  5.56548  4.05935   1789 a - - -
          2.68618  4.42225  2.77519  2.73123  3.46354  2.40513  3.72494  3.29354  2.67741  2.69355  4.24690  2.90347  2.73739  3.18146  2.89801  2.37887  2.77519  2.98518  4.58477  3.61503
          0.16568  6.72314  1.88729  0.61958  0.77255  2.33434  0.10189
    149   2.44671  4.67237  2.85391  2.71150  4.30787  3.55378  3.52445  3.61422  3.06223  1.93035  4.58772  3.09070  2.31895  2.72682  2.52672  2.55122  3.24038  2.94134  5.60241  4.09469   1790 l - - -
          2.68618  4.42225  2.77519  2.73123  3.46354  2.40513  3.72494  3.29354  2.67741  2.69355  4.24690  2.90347  2.73739  3.18146  2.89801  2.37887  2.77519  2.98518  4.58477  3.61503
          0.14062  6.57192  2.04187  0.61958  0.77255  1.84819  0.17141
    150   2.60092  5.38703  2.86577  2.32042  3.20737  2.54564  4.04621  4.14371  2.67935  2.75047  4.08515  3.05278  3.48544  2.65316  2.49682  2.26755  2.80112  3.21784  6.09051  3.60351   1791 s - - -
          2.68618  4.42225  2.77519  2.73123  3.46354  2.40513  3.72494  3.29354  2.67741  2.69355  4.24690  2.90347  2.73739  3.18146  2.89801  2.37887  2.77519  2.98518  4.58477  3.61503
          0.00215  6.53905  7.26140  0.61958  0.77255  0.07244  2.66101
    151   2.08529  5.13838  2.76952  2.49887  4.12034  2.99332  3.91045  3.87734  2.60203  2.42319  3.74794  2.63552  2.91685  2.68197  2.63360  2.57185  3.22257  3.38886  4.84194  4.87327   1792 a - - -
          2.62387  4.47202  2.79794  2.68689  3.44641  2.46461  3.75636  3.24881  2.72168  2.57571  4.22623  2.96036  2.77592  3.13154  2.85017  2.44069  2.82814  2.99962  4.46336  3.56372
          3.81153  0.02373  6.61660  4.11342  0.01649  0.90509  0.51837
    152   2.12269  4.84039  2.73557  2.29072  3.72230  3.19029  3.44326  3.25537  2.50649  2.45843  4.23431  3.31656  3.27139  2.94460  3.06434  2.66186  2.95473  3.09864  4.73133  3.23187   2149 a - - -
          2.68618  4.42225  2.77519  2.73123  3.46354  2.40513  3.72494  3.29354  2.67741  2.69355  4.24690  2.90347  2.73739  3.18146  2.89801  2.37887  2.77519  2.98518  4.58477  3.61503
          0.53141  7.11544  0.88816  0.61958  0.77255  0.83316  0.57035
    153   3.11854  5.44803  4.46609  4.00467  2.27053  4.22513  3.97744  2.11833  3.68562  1.37812  3.48809  4.79733  3.84877  3.00413  3.63077  2.72399  3.38827  2.22497  5.16672  3.25915   2150 l - - -
          2.68618  4.42225  2.77519  2.73123  3.46354  2.40513  3.72494  3.29354  2.67741  2.69355  4.24690  2.90347  2.73739  3.18146  2.89801  2.37887  2.77519  2.98518  4.58477  3.61503
          0.03807  6.59015  3.32479  0.61958  0.77255  1.45747  0.26504
    154   2.26080  5.20603  2.86827  2.35779  3.71590  3.24099  4.55619  3.46797  2.19501  2.48899  3.84375  3.51020  3.59689  2.87632  2.47304  3.33041  2.75900  2.63227  5.15410  3.14366   2151 k - - -
          2.68618  4.42225  2.77519  2.73123  3.46354  2.40513  3.72494  3.29354  2.67741  2.69355  4.24690  2.90347  2.73739  3.18146  2.89801  2.37887  2.77519  2.98518  4.58477  3.61503
          0.03407  6.69187  3.43399  0.61958  0.77255  1.35157  0.29953
    155   1.84591  4.90474  2.79463  2.33019  4.70149  2.58704  4.30585  3.68652  2.34009  3.02052  3.71159  3.13269  3.79880  2.82708  2.40515  2.98977  2.95347  3.18261  4.55002  4.27233   2152 a - - -
          2.68618  4.42225  2.77519  2.73123  3.46354  2.40513  3.72494  3.29354  2.67741  2.69355  4.24690  2.90347  2.73739  3.18146  2.89801  2.37887  2.77519  2.98518  4.58477  3.61503
          0.08493  6.77701  2.52219  0.61958  0.77255  1.81747  0.17726
    156   3.09991  5.11850  4.35386  4.24587  2.40650  4.45852  4.86092  2.86906  3.77529  1.73539  3.53764  4.43305  4.84643  3.73444  3.91452  3.61850  3.89629  2.87391  1.26970  2.53668   2153 w - - -
          2.68618  4.42225  2.77519  2.73123  3.46354  2.40513  3.72494  3.29354  2.67741  2.69355  4.24690  2.90347  2.73739  3.18146  2.89801  2.37887  2.77519  2.98518  4.58477  3.61503
          0.07835  6.73996  2.60125  0.61958  0.77255  2.44137  0.09106
    157   2.90040  4.33203  2.80275  2.42669  2.93032  3.90553  4.23411  2.63984  3.29556  1.56912  4.14788  3.82611  4.20079  3.10053  2.91410  2.84814  3.21430  2.55687  5.86726  3.03933   2154 l - - -
          2.68618  4.42225  2.77519  2.73123  3.46354  2.40513  3.72494  3.29354  2.67741  2.69355  4.24690  2.90347  2.73739  3.18146  2.89801  2.37887  2.77519  2.98518  4.58477  3.61503
          0.00188  6.67135  7.39369  0.61958  0.77255  0.15727  1.92737
    158   2.18668  5.16202  2.95280  2.68288  3.11481  2.84536  3.98941  3.50920  2.41716  2.44793  4.33770  3.16318  3.88309  3.09067  2.48225  2.82520  3.47003  2.77366  4.65045  2.69610   2155 a - - -
          2.65780  4.44664  2.79606  2.72889  3.44212  2.42728  3.74475  3.26115  2.68943  2.63751  4.20974  2.92806  2.76485  3.17493  2.89015  2.39608  2.79428  2.98255  4.54588  3.57872
          3.50029  0.03208  6.58081  3.23854  0.04001  1.18619  0.36439
    159   2.45437  5.76820  2.86377  2.47129  3.64901  3.08578  4.24863  3.41134  2.14976  2.66759  3.99842  3.09596  2.64144  2.83246  2.55751  2.58762  3.06501  3.34470  5.89682  3.39818   2308 k - - -
          2.68128  4.42458  2.77614  2.72937  3.46522  2.40693  3.72453  3.29209  2.67862  2.69244  4.24742  2.90396  2.73777  3.18179  2.89885  2.37933  2.77600  2.98534  4.58563  3.61426
          0.68757  0.69962  7.75291  0.72246  0.66467  0.26637  1.45311
    160   1.89810  5.01226  3.06883  2.73122  3.63558  3.09121  3.82374  2.92331  3.38279  2.12926  3.57184  2.92294  3.17381  2.92777  3.01269  2.78636  2.91511  3.14169  5.18379  3.20590   2314 a - - -
          2.57985  4.45828  2.82800  2.73279  3.39327  2.48701  3.78250  3.17469  2.72918  2.50768  4.11554  2.98226  2.81194  3.18150  2.88686  2.47170  2.85535  2.95062  4.43190  3.51088
          3.70350  0.02538  7.77777  4.85215  0.00784  0.57865  0.82246
    161   2.51709  6.60352  3.36869  2.75305  3.95239  2.95122  4.38845  3.74277  2.51062  2.85155  3.57754  3.43493  1.99342  3.55957  2.41904  2.47674  2.23072  3.19523  4.59730  4.08314   3085 p - - -
          2.68618  4.42225  2.77519  2.73123  3.46354  2.40513  3.72494  3.29354  2.67741  2.69355  4.24690  2.90347  2.73739  3.18146  2.89801  2.37887  2.77519  2.98518  4.58477  3.61503
          0.55302  6.93600  0.85845  0.61958  0.77255  0.57865  0.82246
    162   2.66117  6.19866  2.40934  2.61733  4.22282  1.40381  3.97822  3.94618  2.53040  3.24349  4.37063  2.82251  3.64989  2.75856  3.15125  3.10019  2.88467  3.68946  6.63150  4.09139   3086 g - - -
          2.68618  4.42225  2.77519  2.73123  3.46354  2.40513  3.72494  3.29354  2.67741  2.69355  4.24690  2.90347  2.73739  3.18146  2.89801  2.37887  2.77519  2.98518  4.58477  3.61503
          0.05065  6.39316  3.04254  0.61958  0.77255  2.51752  0.08410
    163   2.25038  5.20943  2.43334  2.41328  4.28210  3.34907  3.00486  3.55375  2.62596  2.79135  4.52858  3.47634  3.35251  3.31477  2.13203  2.57893  2.66903  2.80220  6.21021  4.45691   3087 r - - -
          2.68618  4.42225  2.77519  2.73123  3.46354  2.40513  3.72494  3.29354  2.67741  2.69355  4.24690  2.90347  2.73739  3.18146  2.89801  2.37887  2.77519  2.98518  4.58477  3.61503
          0.02481  6.35804  3.78233  0.61958  0.77255  2.35737  0.09945
    164   2.71790  4.72371  2.98553  2.84441  3.21525  3.46234  4.34634  2.55968  2.83612  1.99293  3.27048  3.17534  2.46292  3.52218  3.37025  3.24072  3.02907  2.27043  4.52989  3.53104   3088 l - - -
          2.68552  4.42242  2.77525  2.73152  3.46385  2.40507  3.72251  3.29367  2.67784  2.69280  4.24661  2.90354  2.73713  3.18181  2.89839  2.37918  2.77563  2.98534  4.58474  3.61527
          0.40551  1.29904  2.80401  0.02891  3.55815  2.19842  0.11763
    165   2.60957  4.40843  3.30072  2.82215  3.08536  3.42547  4.67983  2.59455  3.44151  1.65839  3.59708  3.57570  2.72712  3.69557  3.43322  3.01445  3.37751  2.24781  3.10061  3.84085   3090 l - - -
          2.68343  4.42255  2.77578  2.73093  3.46438  2.40523  3.72486  3.29233  2.67835  2.69285  4.24690  2.90448  2.73701  3.18227  2.89878  2.37915  2.77512  2.98488  4.58603  3.61629
          1.59579  0.22765  7.07004  0.01037  4.57436  0.42777  1.05544
    166   2.52742  4.22571  2.64205  2.67696  3.40357  2.22733  3.70338  2.62529  2.74719  2.37100  4.57076  3.11061  3.57518  3.60843  3.17081  2.67978  3.07640  2.77522  6.51184  3.23432   3092 g - - -
          2.58803  4.44669  2.79404  2.70707  3.45633  2.45446  3.78123  3.23849  2.72637  2.57615  4.15323  2.98074  2.78620  3.15991  2.83598  2.44947  2.84122  2.98777  4.49478  3.54952
          3.42340  0.03547  6.09954  4.76104  0.00859  1.88663  0.16438
    167   2.40363  6.33204  3.30900  2.69637  3.03964  3.73653  4.47090  3.11005  1.83143  2.58358  3.24949  3.51609  4.07172  2.87619  2.33401  2.37097  3.43428  3.30034  4.46512  3.59024   3718 k - - -
          2.68533  4.42138  2.77609  2.73214  3.46261  2.40621  3.72393  3.29338  2.67845  2.69025  4.24398  2.90443  2.73857  3.18230  2.89856  2.37974  2.77606  2.98193  4.57815  3.61549
          1.71083  0.58567  1.33730  0.01114  4.50258  1.89354  0.16315
    168   2.65707  3.19427  4.14868  3.68042  2.91888  3.55042  1.10263  3.81784  3.32379  2.94688  4.64804  3.89337  3.83842  3.21960  3.33120  3.27118  3.17224  2.94951  3.38127  3.53337   3720 h - - -
          2.65251  4.40013  2.77227  2.72442  3.44961  2.42529  3.74961  3.25085  2.68396  2.64402  4.20037  2.92290  2.77680  3.18777  2.87767  2.41383  2.80454  2.99817  4.55065  3.56410
          2.91773  0.05557        *  4.73379  0.00883  0.00000        *
//
