HMMER3/f [3.1b2 | February 2015]
NAME  1G6UT.faa.final_tree.fa
LENG  94
ALPH  amino
RF    no
MM    no
CONS  yes
CS    no
MAP   yes
DATE  Fri Aug  3 14:17:05 2018
NSEQ  115
EFFN  0.677338
CKSUM 3310983890
STATS LOCAL MSV       -9.5818  0.71834
STATS LOCAL VITERBI  -10.1087  0.71834
STATS LOCAL FORWARD   -3.9749  0.71834
HMM          A        C        D        E        F        G        H        I        K        L        M        N        P        Q        R        S        T        V        W        Y   
            m->m     m->i     m->d     i->m     i->i     d->m     d->d
  COMPO   2.40649  4.59995  2.96775  2.58087  3.33119  2.78992  3.92274  2.85987  2.47191  2.66304  3.66206  3.05007  3.33096  3.16877  2.81405  2.69365  2.80922  2.51262  5.22945  3.95380
          2.68642  4.42182  2.77521  2.73129  3.46316  2.40538  3.72533  3.29319  2.67748  2.69361  4.24550  2.90343  2.73712  3.18156  2.89768  2.37883  2.77536  2.98518  4.58515  3.61534
          0.14066  2.10139  4.71885  2.58559  0.07834  0.00000        *
      1   3.07029  4.60035  4.18421  3.78847  3.26713  3.92741  4.49497  2.45533  3.54931  1.84443  1.15889  4.05022  4.38999  3.92379  3.73978  3.43167  3.37870  2.47551  5.12364  3.89560     36 m - - -
          2.68618  4.42225  2.77519  2.73123  3.46354  2.40513  3.72494  3.29354  2.67741  2.69355  4.24690  2.90347  2.73739  3.18146  2.89801  2.37887  2.77519  2.98518  4.58477  3.61503
          0.02768  3.99651  4.71885  0.61958  0.77255  0.48576  0.95510
      2   2.83009  4.82831  2.78332  2.68204  4.21168  3.27020  4.02695  3.95025  2.94186  3.58344  4.53902  0.95588  3.92878  3.30109  3.29973  2.89328  3.21676  3.55986  5.50348  4.15201     37 n - - -
          2.68618  4.42225  2.77519  2.73123  3.46354  2.40513  3.72494  3.29354  2.67741  2.69355  4.24690  2.90347  2.73739  3.18146  2.89801  2.37887  2.77519  2.98518  4.58477  3.61503
          0.02768  3.99651  4.71885  0.61958  0.77255  0.48576  0.95510
      3   3.02853  5.07334  3.24880  2.78862  4.48178  3.57089  3.72353  3.89565  1.00998  3.40327  4.32065  3.20718  4.02662  2.88712  2.26343  3.04752  3.24994  3.58624  5.46086  4.26290     38 k - - -
          2.68618  4.42225  2.77519  2.73123  3.46354  2.40513  3.72494  3.29354  2.67741  2.69355  4.24690  2.90347  2.73739  3.18146  2.89801  2.37887  2.77519  2.98518  4.58477  3.61503
          0.02768  3.99651  4.71885  0.61958  0.77255  0.48576  0.95510
      4   1.74991  4.20717  3.32689  3.13503  4.36858  1.28180  4.27139  3.73514  3.27531  3.47425  4.33176  3.30833  3.71519  3.55689  3.57579  2.44761  2.76938  3.19804  5.69968  4.50008     39 g - - -
          2.68618  4.42225  2.77519  2.73123  3.46354  2.40513  3.72494  3.29354  2.67741  2.69355  4.24690  2.90347  2.73739  3.18146  2.89801  2.37887  2.77519  2.98518  4.58477  3.61503
          0.02768  3.99651  4.71885  0.61958  0.77255  0.48576  0.95510
      5   2.90243  5.41883  2.03110  1.24195  4.69786  3.24680  3.73781  4.19945  2.68849  3.70969  4.55300  2.71272  3.84074  2.75036  3.23612  2.80470  3.17956  3.79122  5.87369  4.40007     40 e - - -
          2.68618  4.42225  2.77519  2.73123  3.46354  2.40513  3.72494  3.29354  2.67741  2.69355  4.24690  2.90347  2.73739  3.18146  2.89801  2.37887  2.77519  2.98518  4.58477  3.61503
          0.02768  3.99651  4.71885  0.61958  0.77255  0.48576  0.95510
      6   3.29642  4.72271  4.38820  4.03001  3.18657  4.13874  4.64692  2.39889  3.79653  0.73632  3.17330  4.29341  4.55368  4.13511  3.95174  3.72614  3.58554  2.46816  5.10942  3.86091     41 l - - -
          2.68618  4.42225  2.77519  2.73123  3.46354  2.40513  3.72494  3.29354  2.67741  2.69355  4.24690  2.90347  2.73739  3.18146  2.89801  2.37887  2.77519  2.98518  4.58477  3.61503
          0.02768  3.99651  4.71885  0.61958  0.77255  0.48576  0.95510
      7   3.04085  4.40956  4.63003  4.14273  3.54349  4.29800  4.88412  1.66072  4.00784  2.06358  3.38162  4.37433  4.65862  4.30599  4.22535  3.68671  3.31989  1.00730  5.47369  4.24202     42 v - - -
          2.68618  4.42225  2.77519  2.73123  3.46354  2.40513  3.72494  3.29354  2.67741  2.69355  4.24690  2.90347  2.73739  3.18146  2.89801  2.37887  2.77519  2.98518  4.58477  3.61503
          0.02768  3.99651  4.71885  0.61958  0.77255  0.48576  0.95510
      8   2.84160  5.33511  1.44723  2.12309  4.59343  3.26507  2.93341  4.10708  2.56657  3.61669  4.43915  2.60493  3.82559  2.80155  3.14871  2.75954  3.10694  3.70333  5.77389  4.31538     43 d - - -
          2.68618  4.42225  2.77519  2.73123  3.46354  2.40513  3.72494  3.29354  2.67741  2.69355  4.24690  2.90347  2.73739  3.18146  2.89801  2.37887  2.77519  2.98518  4.58477  3.61503
          0.02768  3.99651  4.71885  0.61958  0.77255  0.48576  0.95510
      9   1.83976  4.60299  3.07924  2.51664  3.85270  3.42422  3.68641  3.22544  2.37752  2.71716  3.73967  3.04946  3.84613  2.80900  2.80100  2.65542  2.75836  2.92413  5.17333  3.89260     44 a - - -
          2.68618  4.42225  2.77519  2.73123  3.46354  2.40513  3.72494  3.29354  2.67741  2.69355  4.24690  2.90347  2.73739  3.18146  2.89801  2.37887  2.77519  2.98518  4.58477  3.61503
          0.02768  3.99651  4.71885  0.61958  0.77255  0.48576  0.95510
     10   3.06155  4.40542  4.68529  4.17272  3.52615  4.36674  4.89944  1.59191  4.04920  2.04612  3.23922  4.41327  4.68742  4.32456  4.26247  3.73901  3.32618  1.04803  5.46343  4.25849     45 v - - -
          2.68618  4.42225  2.77519  2.73123  3.46354  2.40513  3.72494  3.29354  2.67741  2.69355  4.24690  2.90347  2.73739  3.18146  2.89801  2.37887  2.77519  2.98518  4.58477  3.61503
          0.02768  3.99651  4.71885  0.61958  0.77255  0.48576  0.95510
     11   1.46254  4.20764  3.50321  3.04487  3.62965  3.14435  4.03164  3.11895  3.00933  2.91903  3.80636  3.30313  3.77672  3.31875  3.34670  2.29973  2.33115  2.69343  5.28288  4.05141     46 a - - -
          2.68618  4.42225  2.77519  2.73123  3.46354  2.40513  3.72494  3.29354  2.67741  2.69355  4.24690  2.90347  2.73739  3.18146  2.89801  2.37887  2.77519  2.98518  4.58477  3.61503
          0.02768  3.99651  4.71885  0.61958  0.77255  0.48576  0.95510
     12   2.41798  5.13301  2.23447  1.89645  4.43518  3.22028  3.31826  3.90739  2.31271  3.40156  4.19772  2.71326  3.77963  2.65869  2.92068  2.59628  2.89243  3.50284  5.58335  4.17020     47 e - - -
          2.68618  4.42225  2.77519  2.73123  3.46354  2.40513  3.72494  3.29354  2.67741  2.69355  4.24690  2.90347  2.73739  3.18146  2.89801  2.37887  2.77519  2.98518  4.58477  3.61503
          0.02768  3.99651  4.71885  0.61958  0.77255  0.48576  0.95510
     13   2.96917  5.13268  3.33155  2.63751  4.55829  3.61928  3.59736  3.90784  1.30976  3.37205  4.16675  3.11461  3.99003  2.72932  1.83375  2.96234  3.10477  3.58092  5.44414  4.24523     48 k - - -
          2.68618  4.42225  2.77519  2.73123  3.46354  2.40513  3.72494  3.29354  2.67741  2.69355  4.24690  2.90347  2.73739  3.18146  2.89801  2.37887  2.77519  2.98518  4.58477  3.61503
          0.02768  3.99651  4.71885  0.61958  0.77255  0.48576  0.95510
     14   1.19903  4.15490  3.60938  3.23684  4.04956  3.04814  4.20753  3.11991  3.18655  3.06148  3.97701  3.38417  3.75790  3.50531  3.47847  2.42146  2.38774  2.67797  5.47719  4.26642     49 a - - -
          2.68618  4.42225  2.77519  2.73123  3.46354  2.40513  3.72494  3.29354  2.67741  2.69355  4.24690  2.90347  2.73739  3.18146  2.89801  2.37887  2.77519  2.98518  4.58477  3.61503
          0.02768  3.99651  4.71885  0.61958  0.77255  0.48576  0.95510
     15   2.61328  5.01242  2.66631  2.17185  4.31016  3.11078  3.43583  3.76438  2.14347  3.29674  4.02206  2.54120  3.77329  2.68009  2.83405  2.25977  2.77128  3.37951  5.47431  4.09006     50 k - - -
          2.68622  4.42233  2.77525  2.73099  3.46362  2.40508  3.72503  3.29362  2.67746  2.69347  4.24698  2.90348  2.73745  3.18129  2.89809  2.37877  2.77528  2.98526  4.58485  3.61511
          0.13490  2.14325  4.71885  1.29179  0.32128  0.48576  0.95510
     16   2.88448  4.29077  4.38216  3.83803  3.48549  3.93286  4.54513  1.66636  3.72416  2.08252  3.29966  4.09402  4.45452  4.00059  3.95330  3.43683  3.00151  1.23738  5.23314  4.02796     57 v - - -
          2.68618  4.42225  2.77519  2.73123  3.46354  2.40513  3.72494  3.29354  2.67741  2.69355  4.24690  2.90347  2.73739  3.18146  2.89801  2.37887  2.77519  2.98518  4.58477  3.61503
          0.02768  3.99651  4.71885  0.61958  0.77255  0.48576  0.95510
     17   2.32202  4.30432  3.21098  2.90848  4.11818  3.08513  4.02890  3.45896  2.89696  3.19281  4.05496  3.00324  3.69151  3.28211  3.24859  2.40615  1.34266  3.04652  5.46877  4.21916     58 t - - -
          2.68618  4.42225  2.77519  2.73123  3.46354  2.40513  3.72494  3.29354  2.67741  2.69355  4.24690  2.90347  2.73739  3.18146  2.89801  2.37887  2.77519  2.98518  4.58477  3.61503
          0.02768  3.99651  4.71885  0.61958  0.77255  0.48576  0.95510
     18   2.96907  5.07757  3.17637  2.69617  4.40864  3.56776  3.65828  3.81789  1.15184  3.21796  4.22447  3.13184  3.99592  2.69735  2.27272  2.97775  3.17614  3.51528  5.43084  4.19108     59 k - - -
          2.68618  4.42225  2.77519  2.73123  3.46354  2.40513  3.72494  3.29354  2.67741  2.69355  4.24690  2.90347  2.73739  3.18146  2.89801  2.37887  2.77519  2.98518  4.58477  3.61503
          0.02768  3.99651  4.71885  0.61958  0.77255  0.48576  0.95510
     19   2.89032  4.96178  3.14824  2.71761  4.41497  3.49202  3.72217  3.73587  1.14031  3.32152  4.23417  3.14522  3.97142  2.88403  2.38919  2.92670  2.93163  3.42245  5.47387  4.24216     60 k - - -
          2.68618  4.42225  2.77519  2.73123  3.46354  2.40513  3.72494  3.29354  2.67741  2.69355  4.24690  2.90347  2.73739  3.18146  2.89801  2.37887  2.77519  2.98518  4.58477  3.61503
          0.02768  3.99651  4.71885  0.61958  0.77255  0.48576  0.95510
     20   2.68301  5.16182  2.31503  1.89701  4.46322  3.30959  3.64028  3.92654  2.45795  3.44896  4.24663  2.78666  3.80132  1.96187  2.94961  2.67920  2.87777  3.46897  5.62042  4.21019     61 e - - -
          2.68618  4.42225  2.77519  2.73123  3.46354  2.40513  3.72494  3.29354  2.67741  2.69355  4.24690  2.90347  2.73739  3.18146  2.89801  2.37887  2.77519  2.98518  4.58477  3.61503
          0.02768  3.99651  4.71885  0.61958  0.77255  0.48576  0.95510
     21   1.59061  4.26083  3.88598  3.40714  3.65602  3.52382  4.28711  2.21184  3.32119  2.45917  3.55603  3.65240  4.07647  3.63492  3.61134  2.90103  2.93598  1.75511  5.27715  4.05391     62 a - - -
          2.68618  4.42225  2.77519  2.73123  3.46354  2.40513  3.72494  3.29354  2.67741  2.69355  4.24690  2.90347  2.73739  3.18146  2.89801  2.37887  2.77519  2.98518  4.58477  3.61503
          0.02768  3.99651  4.71885  0.61958  0.77255  0.48576  0.95510
     22   2.75141  5.46645  1.29984  1.83099  4.76539  3.22116  3.75937  4.26556  2.77008  3.78150  4.62974  2.62795  3.83864  2.92517  3.36070  2.81317  3.21001  3.84448  5.95342  4.45229     63 d - - -
          2.68618  4.42225  2.77519  2.73123  3.46354  2.40513  3.72494  3.29354  2.67741  2.69355  4.24690  2.90347  2.73739  3.18146  2.89801  2.37887  2.77519  2.98518  4.58477  3.61503
          0.02768  3.99651  4.71885  0.61958  0.77255  0.48576  0.95510
     23   1.67832  4.43916  3.17009  2.57998  3.79064  3.34294  3.72393  3.11853  2.67186  2.67198  3.71056  3.12980  3.83467  3.03074  3.05262  2.55934  2.68150  2.77892  5.16487  3.89869     64 a - - -
          2.68618  4.42225  2.77519  2.73123  3.46354  2.40513  3.72494  3.29354  2.67741  2.69355  4.24690  2.90347  2.73739  3.18146  2.89801  2.37887  2.77519  2.98518  4.58477  3.61503
          0.02768  3.99651  4.71885  0.61958  0.77255  0.48576  0.95510
     24   3.01659  4.39678  4.58647  4.09341  3.55383  4.26170  4.84465  1.68803  3.95765  2.07294  3.38863  4.32987  4.62856  4.26051  4.18046  3.64411  3.24636  1.01714  5.46399  4.23850     65 v - - -
          2.68618  4.42225  2.77519  2.73123  3.46354  2.40513  3.72494  3.29354  2.67741  2.69355  4.24690  2.90347  2.73739  3.18146  2.89801  2.37887  2.77519  2.98518  4.58477  3.61503
          0.02768  3.99651  4.71885  0.61958  0.77255  0.48576  0.95510
     25   3.18669  4.50628  4.80666  4.26702  3.27057  4.49670  4.89399  1.43767  4.13400  1.28448  3.07239  4.51757  4.73160  4.32206  4.29675  3.85566  3.42654  1.76309  5.30018  4.16997     66 l - - -
          2.68618  4.42225  2.77519  2.73123  3.46354  2.40513  3.72494  3.29354  2.67741  2.69355  4.24690  2.90347  2.73739  3.18146  2.89801  2.37887  2.77519  2.98518  4.58477  3.61503
          0.02768  3.99651  4.71885  0.61958  0.77255  0.48576  0.95510
     26   2.45615  4.53139  2.69923  2.57397  4.19133  3.02056  3.83719  3.61081  2.72429  3.24311  4.06768  2.95036  3.75585  3.02814  3.15963  1.70673  2.14242  3.19783  5.48389  4.17569     67 s - - -
          2.68618  4.42225  2.77519  2.73123  3.46354  2.40513  3.72494  3.29354  2.67741  2.69355  4.24690  2.90347  2.73739  3.18146  2.89801  2.37887  2.77519  2.98518  4.58477  3.61503
          0.02768  3.99651  4.71885  0.61958  0.77255  0.48576  0.95510
     27   0.84880  4.25765  3.59176  3.39042  4.17898  3.07854  4.39736  3.32330  3.40994  3.19904  4.21845  3.50764  3.82964  3.74002  3.65096  2.60749  2.89352  2.95618  5.59373  4.40821     68 a - - -
          2.68618  4.42225  2.77519  2.73123  3.46354  2.40513  3.72494  3.29354  2.67741  2.69355  4.24690  2.90347  2.73739  3.18146  2.89801  2.37887  2.77519  2.98518  4.58477  3.61503
          0.02768  3.99651  4.71885  0.61958  0.77255  0.48576  0.95510
     28   1.68783  4.25775  3.52287  3.00902  3.43008  3.28795  3.96508  2.75693  2.95457  2.62240  3.59790  3.33570  3.87702  3.26994  3.29787  2.67824  2.25464  2.44988  5.11848  3.88069     69 a - - -
          2.68618  4.42225  2.77519  2.73123  3.46354  2.40513  3.72494  3.29354  2.67741  2.69355  4.24690  2.90347  2.73739  3.18146  2.89801  2.37887  2.77519  2.98518  4.58477  3.61503
          0.02768  3.99651  4.71885  0.61958  0.77255  0.48576  0.95510
     29   3.05563  4.41062  4.63730  4.07819  3.00410  4.31317  4.66711  1.56475  3.96763  1.35861  3.06213  4.31691  4.57816  4.14444  4.13380  3.64383  3.13384  1.82912  5.14326  4.00002     70 l - - -
          2.68618  4.42225  2.77519  2.73123  3.46354  2.40513  3.72494  3.29354  2.67741  2.69355  4.24690  2.90347  2.73739  3.18146  2.89801  2.37887  2.77519  2.98518  4.58477  3.61503
          0.02768  3.99651  4.71885  0.61958  0.77255  0.48576  0.95510
     30   2.90485  5.47036  1.67982  1.42996  4.75686  3.23362  3.73610  4.26431  2.63872  3.76219  4.59699  2.69138  3.83335  2.89412  3.28799  2.73348  3.18394  3.83929  5.92398  4.42905     71 e - - -
          2.68618  4.42225  2.77519  2.73123  3.46354  2.40513  3.72494  3.29354  2.67741  2.69355  4.24690  2.90347  2.73739  3.18146  2.89801  2.37887  2.77519  2.98518  4.58477  3.61503
          0.02768  3.99651  4.71885  0.61958  0.77255  0.48576  0.95510
     31   2.27301  3.26759  3.59584  2.91727  3.40870  3.48628  3.89142  2.53671  2.97480  2.46799  3.37872  3.37771  3.92414  3.26618  3.29063  2.65421  2.27414  2.22234  4.87862  3.65869     72 v - - -
          2.68618  4.42225  2.77519  2.73123  3.46354  2.40513  3.72494  3.29354  2.67741  2.69355  4.24690  2.90347  2.73739  3.18146  2.89801  2.37887  2.77519  2.98518  4.58477  3.61503
          0.02768  3.99651  4.71885  0.61958  0.77255  0.48576  0.95510
     32   3.09402  4.45068  4.68826  4.22013  3.47799  4.34670  4.93445  1.04910  4.07191  1.97312  3.31316  4.44325  4.69697  4.35963  4.26857  3.75221  3.37330  1.60306  5.45738  4.23882     73 i - - -
          2.68618  4.42225  2.77519  2.73123  3.46354  2.40513  3.72494  3.29354  2.67741  2.69355  4.24690  2.90347  2.73739  3.18146  2.89801  2.37887  2.77519  2.98518  4.58477  3.61503
          0.02768  3.99651  4.71885  0.61958  0.77255  0.48576  0.95510
     33   2.68786  4.22170  4.04918  3.48000  3.25861  3.83739  4.16552  2.01631  3.36789  2.05359  2.23022  3.76199  4.19208  3.46952  3.60289  3.13104  2.79627  1.85093  4.90347  3.72121     74 v - - -
          2.68618  4.42225  2.77519  2.73123  3.46354  2.40513  3.72494  3.29354  2.67741  2.69355  4.24690  2.90347  2.73739  3.18146  2.89801  2.37887  2.77519  2.98518  4.58477  3.61503
          0.02768  3.99651  4.71885  0.61958  0.77255  0.48576  0.95510
     34   2.90312  5.44988  1.88870  1.29706  4.73673  3.14686  3.73828  4.24470  2.71029  3.74572  4.58289  2.69809  3.83528  2.80514  3.27950  2.79917  3.18241  3.82437  5.90809  4.42061     75 e - - -
          2.68618  4.42225  2.77519  2.73123  3.46354  2.40513  3.72494  3.29354  2.67741  2.69355  4.24690  2.90347  2.73739  3.18146  2.89801  2.37887  2.77519  2.98518  4.58477  3.61503
          0.02768  3.99651  4.71885  0.61958  0.77255  0.48576  0.95510
     35   1.67956  4.35380  3.26143  2.63097  3.81977  3.27547  3.87371  3.08142  2.79201  2.85921  3.73851  3.18507  3.81782  3.12488  3.16816  2.45074  2.60485  2.43704  5.21019  3.95613     76 a - - -
          2.68618  4.42225  2.77519  2.73123  3.46354  2.40513  3.72494  3.29354  2.67741  2.69355  4.24690  2.90347  2.73739  3.18146  2.89801  2.37887  2.77519  2.98518  4.58477  3.61503
          0.02768  3.99651  4.71885  0.61958  0.77255  0.48576  0.95510
     36   2.90668  4.41651  4.29571  3.96403  3.64315  3.85069  4.74508  2.05135  3.83369  2.30954  3.59080  4.13356  4.40528  4.18518  4.03403  3.36310  3.26584  0.88190  5.44809  4.18680     77 v - - -
          2.68618  4.42225  2.77519  2.73123  3.46354  2.40513  3.72494  3.29354  2.67741  2.69355  4.24690  2.90347  2.73739  3.18146  2.89801  2.37887  2.77519  2.98518  4.58477  3.61503
          0.02768  3.99651  4.71885  0.61958  0.77255  0.48576  0.95510
     37   1.42685  4.15573  3.52049  3.16218  4.13564  2.99042  4.17641  3.42951  3.15384  3.20749  4.07224  3.32283  3.71213  3.45744  3.46469  1.67091  2.70466  2.77544  5.51931  4.29953     78 a - - -
          2.68618  4.42225  2.77519  2.73123  3.46354  2.40513  3.72494  3.29354  2.67741  2.69355  4.24690  2.90347  2.73739  3.18146  2.89801  2.37887  2.77519  2.98518  4.58477  3.61503
          0.02768  3.99651  4.71885  0.61958  0.77255  0.48576  0.95510
     38   2.58742  5.05834  2.52783  1.97358  4.35794  3.15727  3.55990  3.81767  2.27534  3.34644  4.12944  2.69114  3.77882  2.71950  2.83516  2.18360  2.82453  3.42795  5.52298  4.12772     79 e - - -
          2.68618  4.42225  2.77519  2.73123  3.46354  2.40513  3.72494  3.29354  2.67741  2.69355  4.24690  2.90347  2.73739  3.18146  2.89801  2.37887  2.77519  2.98518  4.58477  3.61503
          0.02768  3.99651  4.71885  0.61958  0.77255  0.48576  0.95510
     39   2.69384  4.91662  2.38456  2.31452  4.32899  1.69542  3.73998  3.77597  2.59376  3.36021  4.19614  2.84238  3.81884  2.87351  2.81395  2.70186  2.98816  3.40206  5.56768  4.20455     80 g - - -
          2.68621  4.42228  2.77515  2.73112  3.46357  2.40511  3.72498  3.29357  2.67737  2.69358  4.24693  2.90341  2.73735  3.18149  2.89804  2.37890  2.77523  2.98521  4.58480  3.61506
          0.06040  3.00197  4.71885  1.11870  0.39557  0.48576  0.95510
     40   2.86436  5.42144  1.62629  1.66146  4.71442  2.89108  3.71349  4.22064  2.54276  3.71256  4.53193  2.65548  3.82207  2.86433  3.23238  2.73510  3.13671  3.79397  5.87391  4.39084     88 d - - -
          2.68618  4.42225  2.77519  2.73123  3.46354  2.40513  3.72494  3.29354  2.67741  2.69355  4.24690  2.90347  2.73739  3.18146  2.89801  2.37887  2.77519  2.98518  4.58477  3.61503
          0.02768  3.99651  4.71885  0.61958  0.77255  0.48576  0.95510
     41   3.02434  5.08311  3.26204  2.77936  4.49487  3.58013  3.70176  3.90028  1.03496  3.39881  4.30699  3.19703  4.02396  2.86047  2.21063  3.03959  3.23800  3.58895  5.45806  4.26065     89 k - - -
          2.68618  4.42225  2.77519  2.73123  3.46354  2.40513  3.72494  3.29354  2.67741  2.69355  4.24690  2.90347  2.73739  3.18146  2.89801  2.37887  2.77519  2.98518  4.58477  3.61503
          0.02768  3.99651  4.71885  0.61958  0.77255  0.48576  0.95510
     42   2.90668  4.41651  4.29571  3.96403  3.64315  3.85069  4.74508  2.05135  3.83369  2.30954  3.59080  4.13356  4.40528  4.18518  4.03403  3.36310  3.26584  0.88190  5.44809  4.18680     90 v - - -
          2.68618  4.42225  2.77519  2.73123  3.46354  2.40513  3.72494  3.29354  2.67741  2.69355  4.24690  2.90347  2.73739  3.18146  2.89801  2.37887  2.77519  2.98518  4.58477  3.61503
          0.02768  3.99651  4.71885  0.61958  0.77255  0.48576  0.95510
     43   2.41381  4.26394  3.50233  3.10163  3.85747  3.21018  4.08462  2.76261  3.00524  2.85891  3.82471  3.35958  3.84562  3.37861  3.30838  2.48969  1.38619  2.66772  5.31791  4.06408     91 t - - -
          2.68618  4.42225  2.77519  2.73123  3.46354  2.40513  3.72494  3.29354  2.67741  2.69355  4.24690  2.90347  2.73739  3.18146  2.89801  2.37887  2.77519  2.98518  4.58477  3.61503
          0.02768  3.99651  4.71885  0.61958  0.77255  0.48576  0.95510
     44   3.26893  4.65768  4.62539  4.13130  3.09905  4.40424  4.73418  2.03664  3.90446  0.87083  2.97675  4.40545  4.67628  4.16250  4.06998  3.79908  3.51857  2.21861  5.13889  3.93802     92 l - - -
          2.68618  4.42225  2.77519  2.73123  3.46354  2.40513  3.72494  3.29354  2.67741  2.69355  4.24690  2.90347  2.73739  3.18146  2.89801  2.37887  2.77519  2.98518  4.58477  3.61503
          0.02768  3.99651  4.71885  0.61958  0.77255  0.48576  0.95510
     45   2.98161  4.41363  4.47433  4.02063  3.51116  4.12912  4.76190  1.86256  3.85170  2.03014  3.40483  4.23989  4.55492  4.18683  4.06980  3.53609  3.28347  0.99990  5.40254  4.13280     93 v - - -
          2.68618  4.42225  2.77519  2.73123  3.46354  2.40513  3.72494  3.29354  2.67741  2.69355  4.24690  2.90347  2.73739  3.18146  2.89801  2.37887  2.77519  2.98518  4.58477  3.61503
          0.02768  3.99651  4.71885  0.61958  0.77255  0.48576  0.95510
     46   2.82567  4.58744  3.52473  3.44059  4.57802  0.56102  4.55205  4.20899  3.63864  3.84721  4.82491  3.68921  3.98250  3.95310  3.85988  3.00136  3.31657  3.71338  5.63916  4.68455     94 G - - -
          2.68618  4.42225  2.77519  2.73123  3.46354  2.40513  3.72494  3.29354  2.67741  2.69355  4.24690  2.90347  2.73739  3.18146  2.89801  2.37887  2.77519  2.98518  4.58477  3.61503
          0.02768  3.99651  4.71885  0.61958  0.77255  0.48576  0.95510
     47   3.41952  4.78538  4.40877  4.14808  0.82869  4.07768  3.93733  2.92935  4.05232  2.27144  3.64201  4.16060  4.53446  4.18644  4.14135  3.68222  3.72121  2.92893  4.15202  2.50446     95 f - - -
          2.68618  4.42225  2.77519  2.73123  3.46354  2.40513  3.72494  3.29354  2.67741  2.69355  4.24690  2.90347  2.73739  3.18146  2.89801  2.37887  2.77519  2.98518  4.58477  3.61503
          0.02768  3.99651  4.71885  0.61958  0.77255  0.48576  0.95510
     48   2.82567  4.58744  3.52473  3.44059  4.57802  0.56102  4.55205  4.20899  3.63864  3.84721  4.82491  3.68921  3.98250  3.95310  3.85988  3.00136  3.31657  3.71338  5.63916  4.68455     96 G - - -
          2.68618  4.42225  2.77519  2.73123  3.46354  2.40513  3.72494  3.29354  2.67741  2.69355  4.24690  2.90347  2.73739  3.18146  2.89801  2.37887  2.77519  2.98518  4.58477  3.61503
          0.02768  3.99651  4.71885  0.61958  0.77255  0.48576  0.95510
     49   2.15303  4.19625  3.34673  3.10028  4.28962  2.95801  4.20360  3.63798  3.15373  3.38429  4.24466  3.28120  3.70623  3.47444  3.45733  1.11197  2.55358  3.12932  5.64681  4.41222     97 s - - -
          2.68618  4.42225  2.77519  2.73123  3.46354  2.40513  3.72494  3.29354  2.67741  2.69355  4.24690  2.90347  2.73739  3.18146  2.89801  2.37887  2.77519  2.98518  4.58477  3.61503
          0.02768  3.99651  4.71885  0.61958  0.77255  0.48576  0.95510
     50   3.47378  4.77665  4.56688  4.20336  0.93141  4.27544  3.63437  3.04198  4.02106  2.32014  3.63427  4.08710  4.61059  4.08417  4.09017  3.68591  3.71174  3.03137  3.46110  2.11083     98 f - - -
          2.68618  4.42225  2.77519  2.73123  3.46354  2.40513  3.72494  3.29354  2.67741  2.69355  4.24690  2.90347  2.73739  3.18146  2.89801  2.37887  2.77519  2.98518  4.58477  3.61503
          0.02768  3.99651  4.71885  0.61958  0.77255  0.48576  0.95510
     51   3.06319  5.19536  2.54587  0.86111  4.55778  3.35705  3.95646  4.03651  2.85290  3.63435  4.60439  3.00919  3.96797  3.17047  3.27350  3.03386  3.36885  3.70811  5.70601  4.43005     99 e - - -
          2.68618  4.42225  2.77519  2.73123  3.46354  2.40513  3.72494  3.29354  2.67741  2.69355  4.24690  2.90347  2.73739  3.18146  2.89801  2.37887  2.77519  2.98518  4.58477  3.61503
          0.02768  3.99651  4.71885  0.61958  0.77255  0.48576  0.95510
     52   1.94085  4.55987  3.06493  2.58691  4.04012  3.27503  3.74262  3.44462  2.50316  3.07414  3.90438  3.03580  2.91684  2.92540  2.67488  2.19491  2.80247  3.08942  5.32746  4.03384    100 a - - -
          2.68618  4.42225  2.77519  2.73123  3.46354  2.40513  3.72494  3.29354  2.67741  2.69355  4.24690  2.90347  2.73739  3.18146  2.89801  2.37887  2.77519  2.98518  4.58477  3.61503
          0.02768  3.99651  4.71885  0.61958  0.77255  0.48576  0.95510
     53   3.14919  4.97703  3.65287  3.13980  4.36320  3.61165  3.92003  3.91463  2.29557  3.40809  4.40621  3.48946  4.10926  3.13523  0.80459  3.22810  3.40738  3.63351  5.39662  4.26486    101 r - - -
          2.68618  4.42225  2.77519  2.73123  3.46354  2.40513  3.72494  3.29354  2.67741  2.69355  4.24690  2.90347  2.73739  3.18146  2.89801  2.37887  2.77519  2.98518  4.58477  3.61503
          0.02768  3.99651  4.71885  0.61958  0.77255  0.48576  0.95510
     54   2.63058  5.10227  2.33503  1.78901  4.40814  3.33350  3.28814  3.87535  2.20397  3.38695  3.98017  2.78726  3.77931  2.69681  2.83235  2.62215  2.89867  3.47419  5.54728  4.14640    102 e - - -
          2.68618  4.42225  2.77519  2.73123  3.46354  2.40513  3.72494  3.29354  2.67741  2.69355  4.24690  2.90347  2.73739  3.18146  2.89801  2.37887  2.77519  2.98518  4.58477  3.61503
          0.02768  3.99651  4.71885  0.61958  0.77255  0.48576  0.95510
     55   3.14919  4.97703  3.65287  3.13980  4.36320  3.61165  3.92003  3.91463  2.29557  3.40809  4.40621  3.48946  4.10926  3.13523  0.80459  3.22810  3.40738  3.63351  5.39662  4.26486    103 r - - -
          2.68618  4.42225  2.77519  2.73123  3.46354  2.40513  3.72494  3.29354  2.67741  2.69355  4.24690  2.90347  2.73739  3.18146  2.89801  2.37887  2.77519  2.98518  4.58477  3.61503
          0.02768  3.99651  4.71885  0.61958  0.77255  0.48576  0.95510
     56   2.65880  5.04928  2.91177  2.41721  4.41570  3.45669  3.62837  3.81241  1.43561  3.33402  4.16620  2.97797  3.89247  2.58755  2.47903  2.66599  3.03350  3.46586  5.47505  4.18864    104 k - - -
          2.68618  4.42225  2.77519  2.73123  3.46354  2.40513  3.72494  3.29354  2.67741  2.69355  4.24690  2.90347  2.73739  3.18146  2.89801  2.37887  2.77519  2.98518  4.58477  3.61503
          0.02768  3.99651  4.71885  0.61958  0.77255  0.48576  0.95510
     57   1.77751  4.88316  2.64648  1.92196  4.23297  3.31527  3.71537  3.62566  2.51029  3.24240  4.09031  2.89638  3.83092  2.76103  2.96270  2.71016  2.96591  3.28715  5.48390  4.14035    105 a - - -
          2.68618  4.42225  2.77519  2.73123  3.46354  2.40513  3.72494  3.29354  2.67741  2.69355  4.24690  2.90347  2.73739  3.18146  2.89801  2.37887  2.77519  2.98518  4.58477  3.61503
          0.02768  3.99651  4.71885  0.61958  0.77255  0.48576  0.95510
     58   3.14919  4.97703  3.65287  3.13980  4.36320  3.61165  3.92003  3.91463  2.29557  3.40809  4.40621  3.48946  4.10926  3.13523  0.80459  3.22810  3.40738  3.63351  5.39662  4.26486    106 r - - -
          2.68618  4.42225  2.77519  2.73123  3.46354  2.40513  3.72494  3.29354  2.67741  2.69355  4.24690  2.90347  2.73739  3.18146  2.89801  2.37887  2.77519  2.98518  4.58477  3.61503
          0.02768  3.99651  4.71885  0.61958  0.77255  0.48576  0.95510
     59   2.89590  5.28253  2.33981  1.21275  4.57251  3.28591  3.74065  4.06688  2.58244  3.60102  4.46428  2.70037  3.86541  2.74520  3.03333  2.82841  3.17143  3.68829  5.75091  4.32991    107 e - - -
          2.68618  4.42225  2.77519  2.73123  3.46354  2.40513  3.72494  3.29354  2.67741  2.69355  4.24690  2.90347  2.73739  3.18146  2.89801  2.37887  2.77519  2.98518  4.58477  3.61503
          0.02768  3.99651  4.71885  0.61958  0.77255  0.48576  0.95510
     60   2.49759  4.00173  3.65085  3.46182  4.39189  0.76124  4.45695  3.87638  3.49235  3.59627  4.52048  3.58240  3.84908  3.82170  3.71906  2.69010  3.00048  3.37251  5.61683  4.53429    108 g - - -
          2.68618  4.42225  2.77519  2.73123  3.46354  2.40513  3.72494  3.29354  2.67741  2.69355  4.24690  2.90347  2.73739  3.18146  2.89801  2.37887  2.77519  2.98518  4.58477  3.61503
          0.02768  3.99651  4.71885  0.61958  0.77255  0.48576  0.95510
     61   2.98576  4.91517  3.56506  2.96594  4.11143  3.61939  3.75302  3.58691  2.12625  2.88613  4.11609  3.33030  4.05764  2.94766  1.12011  3.05996  3.21724  3.34308  5.28955  4.04256    109 r - - -
          2.68618  4.42225  2.77519  2.73123  3.46354  2.40513  3.72494  3.29354  2.67741  2.69355  4.24690  2.90347  2.73739  3.18146  2.89801  2.37887  2.77519  2.98518  4.58477  3.61503
          0.02768  3.99651  4.71885  0.61958  0.77255  0.48576  0.95510
     62   2.83009  4.82831  2.78332  2.68204  4.21168  3.27020  4.02695  3.95025  2.94186  3.58344  4.53902  0.95588  3.92878  3.30109  3.29973  2.89328  3.21676  3.55986  5.50348  4.15201    110 n - - -
          2.68618  4.42225  2.77519  2.73123  3.46354  2.40513  3.72494  3.29354  2.67741  2.69355  4.24690  2.90347  2.73739  3.18146  2.89801  2.37887  2.77519  2.98518  4.58477  3.61503
          0.02768  3.99651  4.71885  0.61958  0.77255  0.48576  0.95510
     63   2.92323  4.65850  3.54405  3.40198  4.38428  3.33906  4.46817  3.96291  3.47014  3.57578  4.63182  3.69556  0.62621  3.85515  3.70052  3.09490  3.37483  3.59392  5.53556  4.50707    111 P - - -
          2.68618  4.42225  2.77519  2.73123  3.46354  2.40513  3.72494  3.29354  2.67741  2.69355  4.24690  2.90347  2.73739  3.18146  2.89801  2.37887  2.77519  2.98518  4.58477  3.61503
          0.02768  3.99651  4.71885  0.61958  0.77255  0.48576  0.95510
     64   2.99909  5.12608  3.15317  2.68682  4.51289  3.57083  3.65255  3.91709  1.12824  3.39207  4.27993  3.12418  4.00060  2.65479  2.22375  2.99598  3.20049  3.59881  5.46843  4.24698    112 k - - -
          2.68618  4.42225  2.77519  2.73123  3.46354  2.40513  3.72494  3.29354  2.67741  2.69355  4.24690  2.90347  2.73739  3.18146  2.89801  2.37887  2.77519  2.98518  4.58477  3.61503
          0.02768  3.99651  4.71885  0.61958  0.77255  0.48576  0.95510
     65   2.48328  4.32810  3.54222  3.30179  4.08233  3.16282  4.30913  3.22473  3.24721  3.08378  4.12752  3.49007  3.87689  3.63615  3.49897  2.68609  0.97777  2.90629  5.50919  4.29942    113 t - - -
          2.68618  4.42225  2.77519  2.73123  3.46354  2.40513  3.72494  3.29354  2.67741  2.69355  4.24690  2.90347  2.73739  3.18146  2.89801  2.37887  2.77519  2.98518  4.58477  3.61503
          0.02768  3.99651  4.71885  0.61958  0.77255  0.48576  0.95510
     66   2.63822  4.82114  2.70136  2.41486  4.29292  1.93270  3.73282  3.72952  2.46594  3.31215  4.14050  2.31476  3.81047  2.86725  2.81959  2.60782  2.90443  3.34881  5.51700  4.18020    114 g - - -
          2.68618  4.42225  2.77519  2.73123  3.46354  2.40513  3.72494  3.29354  2.67741  2.69355  4.24690  2.90347  2.73739  3.18146  2.89801  2.37887  2.77519  2.98518  4.58477  3.61503
          0.02768  3.99651  4.71885  0.61958  0.77255  0.48576  0.95510
     67   2.84465  5.40502  1.85785  1.45326  4.69321  3.25217  3.70592  4.19412  2.54642  3.68804  4.50660  2.70909  3.82334  2.71465  3.18657  2.69830  3.12730  3.77304  5.84817  4.37464    115 e - - -
          2.68618  4.42225  2.77519  2.73123  3.46354  2.40513  3.72494  3.29354  2.67741  2.69355  4.24690  2.90347  2.73739  3.18146  2.89801  2.37887  2.77519  2.98518  4.58477  3.61503
          0.02768  3.99651  4.71885  0.61958  0.77255  0.48576  0.95510
     68   2.68361  4.87163  3.07639  2.58747  4.28124  3.44258  3.66451  3.63295  1.39720  3.21615  4.07026  3.04954  3.73986  2.77202  2.50561  2.77616  2.79474  3.18746  5.40898  4.14175    116 k - - -
          2.68618  4.42225  2.77519  2.73123  3.46354  2.40513  3.72494  3.29354  2.67741  2.69355  4.24690  2.90347  2.73739  3.18146  2.89801  2.37887  2.77519  2.98518  4.58477  3.61503
          0.02768  3.99651  4.71885  0.61958  0.77255  0.48576  0.95510
     69   3.12801  4.56684  4.45132  3.91193  3.13339  4.25183  4.57501  2.10052  3.70360  1.55187  1.47522  4.20513  4.54305  3.97817  3.90080  3.59875  3.37224  2.23867  5.10386  3.93381    117 m - - -
          2.68618  4.42225  2.77519  2.73123  3.46354  2.40513  3.72494  3.29354  2.67741  2.69355  4.24690  2.90347  2.73739  3.18146  2.89801  2.37887  2.77519  2.98518  4.58477  3.61503
          0.02768  3.99651  4.71885  0.61958  0.77255  0.48576  0.95510
     70   2.57757  4.76636  2.86715  2.16368  4.00428  3.39971  3.60618  3.30792  2.27601  2.73405  3.83975  2.91237  3.79360  2.59140  2.85147  2.57017  2.67302  2.82145  5.26891  3.93820    118 e - - -
          2.68618  4.42225  2.77519  2.73123  3.46354  2.40513  3.72494  3.29354  2.67741  2.69355  4.24690  2.90347  2.73739  3.18146  2.89801  2.37887  2.77519  2.98518  4.58477  3.61503
          0.02768  3.99651  4.71885  0.61958  0.77255  0.48576  0.95510
     71   3.12831  4.51455  4.50874  4.13041  3.46009  4.19789  4.83676  0.93637  3.96091  2.02239  3.37782  4.35853  4.61852  4.29734  4.14347  3.70642  3.42584  1.85670  5.37553  4.12354    119 i - - -
          2.68618  4.42225  2.77519  2.73123  3.46354  2.40513  3.72494  3.29354  2.67741  2.69355  4.24690  2.90347  2.73739  3.18146  2.89801  2.37887  2.77519  2.98518  4.58477  3.61503
          0.02768  3.99651  4.71885  0.61958  0.77255  0.48576  0.95510
     72   2.50102  4.51711  3.01289  2.77651  4.20488  3.17798  4.03484  3.58853  2.82940  3.28107  4.21832  3.18838  1.25443  3.28484  3.20096  2.68760  2.96967  3.21151  5.52831  4.26046    120 p - - -
          2.68618  4.42225  2.77519  2.73123  3.46354  2.40513  3.72494  3.29354  2.67741  2.69355  4.24690  2.90347  2.73739  3.18146  2.89801  2.37887  2.77519  2.98518  4.58477  3.61503
          0.02768  3.99651  4.71885  0.61958  0.77255  0.48576  0.95510
     73   1.28106  4.52386  2.93413  2.39556  4.13611  3.21130  3.95215  3.37085  2.83010  3.15302  4.06800  3.11450  3.83516  3.18289  3.19894  2.66997  2.92233  3.03628  5.48441  4.20575    121 a - - -
          2.68618  4.42225  2.77519  2.73123  3.46354  2.40513  3.72494  3.29354  2.67741  2.69355  4.24690  2.90347  2.73739  3.18146  2.89801  2.37887  2.77519  2.98518  4.58477  3.61503
          0.02768  3.99651  4.71885  0.61958  0.77255  0.48576  0.95510
     74   2.52994  4.48622  3.15096  2.75861  4.01509  3.27148  3.84659  3.35650  2.48243  3.05073  3.92674  3.14822  3.83434  3.06892  2.79713  2.57179  1.50875  3.02389  5.32940  4.07068    122 t - - -
          2.68618  4.42225  2.77519  2.73123  3.46354  2.40513  3.72494  3.29354  2.67741  2.69355  4.24690  2.90347  2.73739  3.18146  2.89801  2.37887  2.77519  2.98518  4.58477  3.61503
          0.02768  3.99651  4.71885  0.61958  0.77255  0.48576  0.95510
     75   2.57408  4.75047  3.05365  2.48120  3.99023  3.43761  3.61270  3.17725  1.92889  3.00011  3.82790  2.85235  3.82287  2.75859  2.50028  2.65031  2.58441  3.02772  5.02087  3.81554    123 k - - -
          2.68618  4.42225  2.77519  2.73123  3.46354  2.40513  3.72494  3.29354  2.67741  2.69355  4.24690  2.90347  2.73739  3.18146  2.89801  2.37887  2.77519  2.98518  4.58477  3.61503
          0.02768  3.99651  4.71885  0.61958  0.77255  0.48576  0.95510
     76   2.76999  4.35856  4.40856  3.95765  3.61588  4.01940  4.74654  1.81735  3.82458  2.21852  3.46876  4.16578  4.48269  4.14830  4.05483  3.42345  3.21119  1.01089  5.46654  4.23141    124 v - - -
          2.68618  4.42225  2.77519  2.73123  3.46354  2.40513  3.72494  3.29354  2.67741  2.69355  4.24690  2.90347  2.73739  3.18146  2.89801  2.37887  2.77519  2.98518  4.58477  3.61503
          0.02768  3.99651  4.71885  0.61958  0.77255  0.48576  0.95510
     77   2.92323  4.65850  3.54405  3.40198  4.38428  3.33906  4.46817  3.96291  3.47014  3.57578  4.63182  3.69556  0.62621  3.85515  3.70052  3.09490  3.37483  3.59392  5.53556  4.50707    125 P - - -
          2.68618  4.42225  2.77519  2.73123  3.46354  2.40513  3.72494  3.29354  2.67741  2.69355  4.24690  2.90347  2.73739  3.18146  2.89801  2.37887  2.77519  2.98518  4.58477  3.61503
          0.02768  3.99651  4.71885  0.61958  0.77255  0.48576  0.95510
     78   1.08174  4.14389  3.58916  3.28660  4.14381  2.95629  4.27639  3.24682  3.26210  3.15455  4.07874  3.39568  3.74341  3.57917  3.53576  2.45906  2.48883  2.77588  5.57060  4.36455    126 a - - -
          2.68618  4.42225  2.77519  2.73123  3.46354  2.40513  3.72494  3.29354  2.67741  2.69355  4.24690  2.90347  2.73739  3.18146  2.89801  2.37887  2.77519  2.98518  4.58477  3.61503
          0.02768  3.99651  4.71885  0.61958  0.77255  0.48576  0.95510
     79   3.41952  4.78538  4.40877  4.14808  0.82869  4.07768  3.93733  2.92935  4.05232  2.27144  3.64201  4.16060  4.53446  4.18644  4.14135  3.68222  3.72121  2.92893  4.15202  2.50446    127 f - - -
          2.68618  4.42225  2.77519  2.73123  3.46354  2.40513  3.72494  3.29354  2.67741  2.69355  4.24690  2.90347  2.73739  3.18146  2.89801  2.37887  2.77519  2.98518  4.58477  3.61503
          0.02768  3.99651  4.71885  0.61958  0.77255  0.48576  0.95510
     80   2.16418  4.19423  3.36034  3.09736  4.28061  2.96161  4.19345  3.62429  3.14112  3.36904  4.22542  3.28035  3.70518  3.46159  3.44818  1.14329  2.44828  3.11957  5.63523  4.40448    128 s - - -
          2.68618  4.42225  2.77519  2.73123  3.46354  2.40513  3.72494  3.29354  2.67741  2.69355  4.24690  2.90347  2.73739  3.18146  2.89801  2.37887  2.77519  2.98518  4.58477  3.61503
          0.02768  3.99651  4.71885  0.61958  0.77255  0.48576  0.95510
     81   1.01477  4.17700  3.44526  3.20041  4.20345  2.98236  4.25319  3.46594  3.23415  3.27092  4.17259  3.34595  3.38978  3.55112  3.51509  2.41605  2.75205  3.01666  5.59711  4.37817    129 a - - -
          2.68618  4.42225  2.77519  2.73123  3.46354  2.40513  3.72494  3.29354  2.67741  2.69355  4.24690  2.90347  2.73739  3.18146  2.89801  2.37887  2.77519  2.98518  4.58477  3.61503
          0.02768  3.99651  4.71885  0.61958  0.77255  0.48576  0.95510
     82   2.82567  4.58744  3.52473  3.44059  4.57802  0.56102  4.55205  4.20899  3.63864  3.84721  4.82491  3.68921  3.98250  3.95310  3.85988  3.00136  3.31657  3.71338  5.63916  4.68455    130 G - - -
          2.68618  4.42225  2.77519  2.73123  3.46354  2.40513  3.72494  3.29354  2.67741  2.69355  4.24690  2.90347  2.73739  3.18146  2.89801  2.37887  2.77519  2.98518  4.58477  3.61503
          0.02768  3.99651  4.71885  0.61958  0.77255  0.48576  0.95510
     83   3.08847  5.05407  3.27251  2.87260  4.46889  3.56298  3.83276  3.90629  0.88039  3.44505  4.40121  3.29109  4.05571  3.01821  2.46181  3.12315  3.33322  3.60758  5.47365  4.30489    131 k - - -
          2.68618  4.42225  2.77519  2.73123  3.46354  2.40513  3.72494  3.29354  2.67741  2.69355  4.24690  2.90347  2.73739  3.18146  2.89801  2.37887  2.77519  2.98518  4.58477  3.61503
          0.02768  3.99651  4.71885  0.61958  0.77255  0.48576  0.95510
     84   2.51742  4.34067  3.29120  2.78345  3.43037  3.50942  3.67871  2.84552  2.72314  2.07856  2.96599  3.21084  3.89402  2.72404  3.08970  2.60421  2.70120  2.60954  4.91386  3.66809    132 l - - -
          2.68618  4.42225  2.77519  2.73123  3.46354  2.40513  3.72494  3.29354  2.67741  2.69355  4.24690  2.90347  2.73739  3.18146  2.89801  2.37887  2.77519  2.98518  4.58477  3.61503
          0.02768  3.99651  4.71885  0.61958  0.77255  0.48576  0.95510
     85   3.41952  4.78538  4.40877  4.14808  0.82869  4.07768  3.93733  2.92935  4.05232  2.27144  3.64201  4.16060  4.53446  4.18644  4.14135  3.68222  3.72121  2.92893  4.15202  2.50446    133 f - - -
          2.68618  4.42225  2.77519  2.73123  3.46354  2.40513  3.72494  3.29354  2.67741  2.69355  4.24690  2.90347  2.73739  3.18146  2.89801  2.37887  2.77519  2.98518  4.58477  3.61503
          0.02768  3.99651  4.71885  0.61958  0.77255  0.48576  0.95510
     86   3.04551  5.15296  3.42795  2.78972  4.60013  3.65323  3.62082  3.95544  1.19279  3.40471  4.27930  3.19442  4.03168  2.75842  1.79515  3.04304  3.21777  3.63796  5.44969  4.27762    134 k - - -
          2.68618  4.42225  2.77519  2.73123  3.46354  2.40513  3.72494  3.29354  2.67741  2.69355  4.24690  2.90347  2.73739  3.18146  2.89801  2.37887  2.77519  2.98518  4.58477  3.61503
          0.02768  3.99651  4.71885  0.61958  0.77255  0.48576  0.95510
     87   2.90456  5.44883  1.71361  1.37954  4.74344  3.23242  3.74547  4.23696  2.72845  3.75240  4.59460  2.69765  3.83594  2.90613  3.30503  2.80099  3.07397  3.81859  5.92051  4.42922    135 e - - -
          2.68618  4.42225  2.77519  2.73123  3.46354  2.40513  3.72494  3.29354  2.67741  2.69355  4.24690  2.90347  2.73739  3.18146  2.89801  2.37887  2.77519  2.98518  4.58477  3.61503
          0.02768  3.99651  4.71885  0.61958  0.77255  0.48576  0.95510
     88   2.46070  4.91193  3.09600  2.48550  4.21841  3.47802  3.59598  3.61456  1.66970  3.12248  3.76973  3.00161  3.86193  2.67605  2.28890  2.66852  2.92480  3.28550  5.34877  4.06063    136 k - - -
          2.68618  4.42225  2.77519  2.73123  3.46354  2.40513  3.72494  3.29354  2.67741  2.69355  4.24690  2.90347  2.73739  3.18146  2.89801  2.37887  2.77519  2.98518  4.58477  3.61503
          0.02768  3.99651  4.71885  0.61958  0.77255  0.48576  0.95510
     89   2.90668  4.41651  4.29571  3.96403  3.64315  3.85069  4.74508  2.05135  3.83369  2.30954  3.59080  4.13356  4.40528  4.18518  4.03403  3.36310  3.26584  0.88190  5.44809  4.18680    137 v - - -
          2.68618  4.42225  2.77519  2.73123  3.46354  2.40513  3.72494  3.29354  2.67741  2.69355  4.24690  2.90347  2.73739  3.18146  2.89801  2.37887  2.77519  2.98518  4.58477  3.61503
          0.02768  3.99651  4.71885  0.61958  0.77255  0.48576  0.95510
     90   1.48873  4.42304  3.09570  2.72635  3.97730  3.17917  3.85804  3.35464  2.71949  2.96253  3.88877  3.12060  3.79071  2.91531  3.02608  2.38237  2.75579  3.00420  5.31784  4.05053    138 a - - -
          2.68618  4.42225  2.77519  2.73123  3.46354  2.40513  3.72494  3.29354  2.67741  2.69355  4.24690  2.90347  2.73739  3.18146  2.89801  2.37887  2.77519  2.98518  4.58477  3.61503
          0.02768  3.99651  4.71885  0.61958  0.77255  0.48576  0.95510
     91   2.52782  4.81158  2.76157  2.37792  4.12304  2.93908  3.47685  3.54627  2.36173  3.12196  3.95741  2.83690  2.38606  2.80346  2.91298  2.55377  2.75624  3.20385  5.37326  4.03222    139 k - - -
          2.68618  4.42225  2.77519  2.73123  3.46354  2.40513  3.72494  3.29354  2.67741  2.69355  4.24690  2.90347  2.73739  3.18146  2.89801  2.37887  2.77519  2.98518  4.58477  3.61503
          0.12565  3.99651  2.30559  0.61958  0.77255  0.48576  0.95510
     92   2.59217  4.92544  2.69889  2.11583  4.20765  3.11461  3.57787  3.64688  2.22857  3.10530  4.00104  2.73750  3.03034  2.65514  2.81010  2.52223  2.77016  3.28535  5.40512  4.03863    140 e - - -
          2.68618  4.42225  2.77519  2.73123  3.46354  2.40513  3.72494  3.29354  2.67741  2.69355  4.24690  2.90347  2.73739  3.18146  2.89801  2.37887  2.77519  2.98518  4.58477  3.61503
          0.08920  3.90135  2.73153  0.61958  0.77255  0.57545  0.82656
     93   2.49786  4.85045  2.76958  2.32623  4.12503  3.31747  3.42891  3.43604  1.89073  3.07055  3.93627  2.73949  3.78031  2.72242  2.70296  2.61348  2.83687  3.20797  5.32857  3.99844    141 k - - -
          2.68618  4.42225  2.77519  2.73123  3.46354  2.40513  3.72494  3.29354  2.67741  2.69355  4.24690  2.90347  2.73739  3.18146  2.89801  2.37887  2.77519  2.98518  4.58477  3.61503
          0.05542  3.84445  3.42614  0.61958  0.77255  0.62188  0.76989
     94   2.44413  4.84957  2.68517  2.24871  4.13538  3.27212  3.57970  3.51231  2.03075  3.12471  3.94971  2.77501  3.60560  2.69948  2.78587  2.47706  2.82016  3.20420  5.35194  4.00705    142 k - - -
          2.68604  4.42235  2.77518  2.73122  3.46359  2.40509  3.72498  3.29364  2.67699  2.69365  4.24700  2.90357  2.73737  3.18153  2.89811  2.37889  2.77528  2.98523  4.58487  3.61513
          0.18538  1.77662        *  1.37285  0.29221  0.00000        *
//
