HMMER3/f [3.1b2 | February 2015]
NAME  1G7YU.faa.final_tree.fa
LENG  74
ALPH  amino
RF    no
MM    no
CONS  yes
CS    no
MAP   yes
DATE  Fri Aug  3 14:17:49 2018
NSEQ  119
EFFN  0.780792
CKSUM 2393264706
STATS LOCAL MSV       -8.6489  0.71874
STATS LOCAL VITERBI   -9.4270  0.71874
STATS LOCAL FORWARD   -4.3554  0.71874
HMM          A        C        D        E        F        G        H        I        K        L        M        N        P        Q        R        S        T        V        W        Y   
            m->m     m->i     m->d     i->m     i->i     d->m     d->d
  COMPO   2.68771  4.50036  2.87983  2.74981  3.45163  2.67614  3.87336  2.68395  2.60541  2.37095  3.65532  3.06587  3.38363  3.26398  2.72491  2.80833  2.85797  2.55450  5.16612  3.42350
          2.68643  4.42250  2.77545  2.73098  3.46310  2.40524  3.72513  3.29342  2.67734  2.69284  4.24617  2.90350  2.73748  3.18167  2.89803  2.37900  2.77508  2.98544  4.58502  3.61528
          0.39870  2.26275  1.49278  2.26283  0.10988  0.00000        *
      1   3.03376  4.49238  4.30162  3.75775  3.07006  4.14758  4.46024  2.14332  3.57124  1.34330  1.98913  4.07114  4.44005  3.84648  3.78655  3.48316  3.27541  2.13798  5.02931  3.86346     23 l - - -
          2.68618  4.42225  2.77519  2.73123  3.46354  2.40513  3.72494  3.29354  2.67741  2.69355  4.24690  2.90347  2.73739  3.18146  2.89801  2.37887  2.77519  2.98518  4.58477  3.61503
          0.03316  3.81882  4.54117  0.61958  0.77255  0.66350  0.72370
      2   1.85121  4.20225  3.30955  2.88734  3.88815  3.01203  3.92963  3.19259  2.84939  2.94669  3.42650  3.18021  3.70408  3.19076  3.19273  1.80706  2.68786  2.83141  5.27365  4.02680     24 s - - -
          2.68618  4.42225  2.77519  2.73123  3.46354  2.40513  3.72494  3.29354  2.67741  2.69355  4.24690  2.90347  2.73739  3.18146  2.89801  2.37887  2.77519  2.98518  4.58477  3.61503
          0.03229  3.84494  4.56729  0.61958  0.77255  0.68140  0.70503
      3   2.91234  4.93662  3.10918  2.69373  4.31032  3.45799  3.67355  3.72791  1.18005  3.27353  4.20425  3.12036  3.93337  2.84877  2.28584  2.94398  3.15057  3.42761  5.36208  4.14600     25 k - - -
          2.68618  4.42225  2.77519  2.73123  3.46354  2.40513  3.72494  3.29354  2.67741  2.69355  4.24690  2.90347  2.73739  3.18146  2.89801  2.37887  2.77519  2.98518  4.58477  3.61503
          0.03229  3.84494  4.56729  0.61958  0.77255  0.68140  0.70503
      4   2.80688  5.00805  2.81533  2.35371  4.33001  3.41242  3.59289  3.73938  2.08110  3.26589  4.12072  2.93322  3.86173  1.79054  2.32838  2.79988  3.02686  3.41174  5.41226  4.12843     26 q - - -
          2.68618  4.42225  2.77519  2.73123  3.46354  2.40513  3.72494  3.29354  2.67741  2.69355  4.24690  2.90347  2.73739  3.18146  2.89801  2.37887  2.77519  2.98518  4.58477  3.61503
          0.03229  3.84494  4.56729  0.61958  0.77255  0.68140  0.70503
      5   2.96065  5.08368  0.95834  2.31900  4.45715  3.19036  3.90774  4.03919  2.98681  3.65260  4.63046  2.87383  3.84125  3.14711  3.49899  2.92637  3.29876  3.68144  5.63108  4.33507     27 d - - -
          2.68618  4.42225  2.77519  2.73123  3.46354  2.40513  3.72494  3.29354  2.67741  2.69355  4.24690  2.90347  2.73739  3.18146  2.89801  2.37887  2.77519  2.98518  4.58477  3.61503
          0.03229  3.84494  4.56729  0.61958  0.77255  0.46769  0.98470
      6   2.75146  4.35258  4.16154  3.60404  3.20398  3.95274  4.29531  2.27177  3.45576  1.34702  2.31454  3.89148  4.29766  3.72647  3.68037  3.15683  3.10308  2.17350  4.97915  3.81192     28 l - - -
          2.68618  4.42225  2.77519  2.73123  3.46354  2.40513  3.72494  3.29354  2.67741  2.69355  4.24690  2.90347  2.73739  3.18146  2.89801  2.37887  2.77519  2.98518  4.58477  3.61503
          0.02765  3.99768  4.72002  0.61958  0.77255  0.55295  0.85626
      7   3.12924  4.51521  4.51033  4.13207  3.46093  4.19909  4.83823  0.93513  3.96259  2.02304  3.37852  4.36003  4.61965  4.29893  4.14502  3.70777  3.42676  1.85689  5.37659  4.12468     29 i - - -
          2.68618  4.42225  2.77519  2.73123  3.46354  2.40513  3.72494  3.29354  2.67741  2.69355  4.24690  2.90347  2.73739  3.18146  2.89801  2.37887  2.77519  2.98518  4.58477  3.61503
          0.02765  3.99768  4.72002  0.61958  0.77255  0.55295  0.85626
      8   3.06431  5.19661  2.54651  0.85967  4.55919  3.35789  3.95744  4.03816  2.85405  3.63582  4.60585  3.01000  3.96887  3.17146  3.27474  3.03488  3.36999  3.70965  5.70720  4.43129     30 e - - -
          2.68618  4.42225  2.77519  2.73123  3.46354  2.40513  3.72494  3.29354  2.67741  2.69355  4.24690  2.90347  2.73739  3.18146  2.89801  2.37887  2.77519  2.98518  4.58477  3.61503
          0.02765  3.99768  4.72002  0.61958  0.77255  0.44593  1.02229
      9   2.73706  4.34576  3.92524  3.39707  3.38934  3.73064  4.19908  2.37750  3.24833  2.11178  1.77594  3.69753  4.16750  3.57576  3.51405  3.06230  2.29280  2.28890  5.06539  3.86865     31 m - - -
          2.68618  4.42225  2.77519  2.73123  3.46354  2.40513  3.72494  3.29354  2.67741  2.69355  4.24690  2.90347  2.73739  3.18146  2.89801  2.37887  2.77519  2.98518  4.58477  3.61503
          0.02589  4.06267  4.78501  0.61958  0.77255  0.48576  0.95510
     10   2.77981  5.07004  2.48686  1.35818  4.49973  3.27976  3.78708  3.95596  2.65508  3.53375  4.37798  2.86027  3.85712  2.95522  3.12350  2.09220  3.08210  3.56140  5.71292  4.31655     32 e - - -
          2.68618  4.42225  2.77519  2.73123  3.46354  2.40513  3.72494  3.29354  2.67741  2.69355  4.24690  2.90347  2.73739  3.18146  2.89801  2.37887  2.77519  2.98518  4.58477  3.61503
          0.02589  4.06267  4.78501  0.61958  0.77255  0.48576  0.95510
     11   2.91867  4.67113  3.63107  3.55666  4.68769  0.48788  4.66153  4.33729  3.76357  3.96631  4.94643  3.79594  4.06812  4.07298  3.97508  3.09667  3.41471  3.82887  5.72872  4.79735     33 G - - -
          2.68618  4.42225  2.77519  2.73123  3.46354  2.40513  3.72494  3.29354  2.67741  2.69355  4.24690  2.90347  2.73739  3.18146  2.89801  2.37887  2.77519  2.98518  4.58477  3.61503
          0.02589  4.06267  4.78501  0.61958  0.77255  0.48576  0.95510
     12   2.55472  4.27415  3.86139  3.43123  3.76024  3.43603  4.32024  2.46962  3.33156  2.59724  3.67727  3.63968  4.04128  3.66511  3.60690  2.84258  1.58050  1.69003  5.35287  4.12800     34 t - - -
          2.68618  4.42225  2.77519  2.73123  3.46354  2.40513  3.72494  3.29354  2.67741  2.69355  4.24690  2.90347  2.73739  3.18146  2.89801  2.37887  2.77519  2.98518  4.58477  3.61503
          0.02589  4.06267  4.78501  0.61958  0.77255  0.48576  0.95510
     13   3.11207  4.43312  4.81627  4.32835  3.61364  4.44793  5.05144  1.47434  4.21362  2.12451  3.42296  4.54233  4.77551  4.48780  4.41510  3.84208  3.38373  1.00206  5.57744  4.36263     35 v - - -
          2.68618  4.42225  2.77519  2.73123  3.46354  2.40513  3.72494  3.29354  2.67741  2.69355  4.24690  2.90347  2.73739  3.18146  2.89801  2.37887  2.77519  2.98518  4.58477  3.61503
          0.02589  4.06267  4.78501  0.61958  0.77255  0.48576  0.95510
     14   2.51063  4.65969  2.98840  2.10713  4.02144  3.36889  3.75856  3.29777  2.57520  3.02190  3.81447  3.04167  3.84986  2.94415  2.98923  2.68195  1.82494  2.92449  5.33968  4.03605     36 t - - -
          2.68618  4.42225  2.77519  2.73123  3.46354  2.40513  3.72494  3.29354  2.67741  2.69355  4.24690  2.90347  2.73739  3.18146  2.89801  2.37887  2.77519  2.98518  4.58477  3.61503
          0.02589  4.06267  4.78501  0.61958  0.77255  0.48576  0.95510
     15   2.80335  5.22095  2.53042  1.50147  4.54418  3.37344  3.65898  3.99704  2.01179  3.49824  4.30326  2.84881  3.85551  2.79223  2.68306  2.75248  3.04212  3.60662  5.64138  4.26152     37 e - - -
          2.68618  4.42225  2.77519  2.73123  3.46354  2.40513  3.72494  3.29354  2.67741  2.69355  4.24690  2.90347  2.73739  3.18146  2.89801  2.37887  2.77519  2.98518  4.58477  3.61503
          0.02589  4.06267  4.78501  0.61958  0.77255  0.48576  0.95510
     16   2.69758  4.88820  2.61660  1.89920  4.38997  3.26330  3.81673  3.83237  2.67384  3.43801  4.28460  2.92629  3.84631  2.99547  3.11573  1.48969  3.02010  3.44014  5.63416  4.27184     38 s - - -
          2.68618  4.42225  2.77519  2.73123  3.46354  2.40513  3.72494  3.29354  2.67741  2.69355  4.24690  2.90347  2.73739  3.18146  2.89801  2.37887  2.77519  2.98518  4.58477  3.61503
          0.02589  4.06267  4.78501  0.61958  0.77255  0.48576  0.95510
     17   2.90759  4.64448  3.53593  3.08132  3.41944  3.75165  3.99590  2.80155  2.79621  1.33341  3.41653  3.48557  4.15886  2.36093  3.06837  3.10905  3.15153  2.74552  5.06120  3.77605     39 l - - -
          2.68618  4.42225  2.77519  2.73123  3.46354  2.40513  3.72494  3.29354  2.67741  2.69355  4.24690  2.90347  2.73739  3.18146  2.89801  2.37887  2.77519  2.98518  4.58477  3.61503
          0.02589  4.06267  4.78501  0.61958  0.77255  0.48576  0.95510
     18   2.51713  4.45523  3.24166  3.04456  4.46071  1.92883  4.24707  3.94873  3.20500  3.59344  4.45629  3.34248  1.23858  3.51585  3.53647  2.66588  2.97827  3.43516  5.69287  4.52300     40 p - - -
          2.68618  4.42225  2.77519  2.73123  3.46354  2.40513  3.72494  3.29354  2.67741  2.69355  4.24690  2.90347  2.73739  3.18146  2.89801  2.37887  2.77519  2.98518  4.58477  3.61503
          0.02589  4.06267  4.78501  0.61958  0.77255  0.48576  0.95510
     19   2.89261  4.88836  2.83157  2.73840  4.28301  3.32081  4.09139  4.03886  3.01357  3.66511  4.62234  0.86066  3.98381  3.36787  3.37179  2.95466  3.28283  3.64155  5.56725  4.22032     41 n - - -
          2.68618  4.42225  2.77519  2.73123  3.46354  2.40513  3.72494  3.29354  2.67741  2.69355  4.24690  2.90347  2.73739  3.18146  2.89801  2.37887  2.77519  2.98518  4.58477  3.61503
          0.02589  4.06267  4.78501  0.61958  0.77255  0.48576  0.95510
     20   1.09999  4.20429  3.47876  3.24406  4.36809  1.98088  4.32316  3.72518  3.33727  3.46854  4.31765  3.37659  3.74323  3.61413  3.63073  2.46044  2.77498  3.19146  5.71258  4.52058     42 a - - -
          2.68618  4.42225  2.77519  2.73123  3.46354  2.40513  3.72494  3.29354  2.67741  2.69355  4.24690  2.90347  2.73739  3.18146  2.89801  2.37887  2.77519  2.98518  4.58477  3.61503
          0.02589  4.06267  4.78501  0.61958  0.77255  0.48576  0.95510
     21   3.16640  4.56972  4.56209  4.03706  2.13947  4.27086  4.40998  2.36623  3.89579  1.61600  1.53514  4.24590  4.55413  4.05261  4.04434  3.61594  3.40261  2.44888  4.77763  3.42513     43 m - - -
          2.68618  4.42225  2.77519  2.73123  3.46354  2.40513  3.72494  3.29354  2.67741  2.69355  4.24690  2.90347  2.73739  3.18146  2.89801  2.37887  2.77519  2.98518  4.58477  3.61503
          0.02589  4.06267  4.78501  0.61958  0.77255  0.48576  0.95510
     22   3.66026  4.89513  4.66534  4.35520  1.00612  4.41749  3.51420  3.31785  4.19879  2.64082  3.91600  4.10971  4.72644  4.16484  4.22681  3.79009  3.88337  3.25302  3.65324  1.46337     44 f - - -
          2.68618  4.42225  2.77519  2.73123  3.46354  2.40513  3.72494  3.29354  2.67741  2.69355  4.24690  2.90347  2.73739  3.18146  2.89801  2.37887  2.77519  2.98518  4.58477  3.61503
          0.02589  4.06267  4.78501  0.61958  0.77255  0.48576  0.95510
     23   2.89958  4.85138  3.48861  2.84626  4.05930  3.65160  3.69843  3.41579  2.06445  2.27336  3.92926  3.25138  4.02818  2.88098  1.49185  2.97995  3.09998  3.17449  5.25885  4.03030     45 r - - -
          2.68618  4.42225  2.77519  2.73123  3.46354  2.40513  3.72494  3.29354  2.67741  2.69355  4.24690  2.90347  2.73739  3.18146  2.89801  2.37887  2.77519  2.98518  4.58477  3.61503
          0.02589  4.06267  4.78501  0.61958  0.77255  0.48576  0.95510
     24   2.96067  4.45519  4.38539  4.05830  3.69619  3.91695  4.82943  2.06037  3.92906  2.35261  3.63614  4.21654  4.46972  4.27693  4.12269  3.43555  3.31938  0.81491  5.51149  4.25327     46 v - - -
          2.68618  4.42225  2.77519  2.73123  3.46354  2.40513  3.72494  3.29354  2.67741  2.69355  4.24690  2.90347  2.73739  3.18146  2.89801  2.37887  2.77519  2.98518  4.58477  3.61503
          0.02589  4.06267  4.78501  0.61958  0.77255  0.48576  0.95510
     25   2.69764  5.01962  1.72081  2.26742  4.31712  3.33219  3.43627  3.76105  2.52400  3.33374  4.14611  2.84838  3.81993  2.82659  3.01710  2.66213  2.41239  3.21045  5.53979  4.15305     47 d - - -
          2.68618  4.42225  2.77519  2.73123  3.46354  2.40513  3.72494  3.29354  2.67741  2.69355  4.24690  2.90347  2.73739  3.18146  2.89801  2.37887  2.77519  2.98518  4.58477  3.61503
          0.02589  4.06267  4.78501  0.61958  0.77255  0.48576  0.95510
     26   3.37485  4.78303  4.49414  4.13885  3.21854  4.22171  4.73527  2.43704  3.90478  0.67201  3.18922  4.39584  4.62691  4.22725  4.04809  3.82086  3.66187  2.52301  5.16264  3.92853     48 L - - -
          2.68618  4.42225  2.77519  2.73123  3.46354  2.40513  3.72494  3.29354  2.67741  2.69355  4.24690  2.90347  2.73739  3.18146  2.89801  2.37887  2.77519  2.98518  4.58477  3.61503
          0.02589  4.06267  4.78501  0.61958  0.77255  0.48576  0.95510
     27   3.02740  5.61135  1.16477  1.69841  4.89549  3.25028  3.82817  4.42410  2.88204  3.92552  4.79610  2.71509  3.89117  3.00180  3.49623  2.89903  3.32416  3.99443  6.07217  4.55547     49 d - - -
          2.68622  4.42229  2.77524  2.73127  3.46358  2.40517  3.72499  3.29358  2.67745  2.69359  4.24694  2.90351  2.73711  3.18099  2.89805  2.37891  2.77524  2.98522  4.58481  3.61507
          0.17231  1.89757  4.78501  0.66293  0.72430  0.48576  0.95510
     28   2.03325  4.60484  2.84437  2.59359  4.33890  3.16858  3.90535  3.76423  2.77823  3.40007  4.23190  1.54188  3.43807  3.09830  3.19609  2.56376  2.89677  3.32391  5.61418  4.29310     52 n - - -
          2.68618  4.42225  2.77519  2.73123  3.46354  2.40513  3.72494  3.29354  2.67741  2.69355  4.24690  2.90347  2.73739  3.18146  2.89801  2.37887  2.77519  2.98518  4.58477  3.61503
          0.02589  4.06267  4.78501  0.61958  0.77255  0.48576  0.95510
     29   2.55069  4.61382  2.53299  2.60007  4.46274  1.18279  4.03654  3.95559  3.03126  3.59600  4.44601  2.97002  3.81167  3.26408  3.46360  2.57817  2.97867  3.46206  5.76191  4.42691     53 g - - -
          2.68618  4.42225  2.77519  2.73123  3.46354  2.40513  3.72494  3.29354  2.67741  2.69355  4.24690  2.90347  2.73739  3.18146  2.89801  2.37887  2.77519  2.98518  4.58477  3.61503
          0.02589  4.06267  4.78501  0.61958  0.77255  0.48576  0.95510
     30   2.97830  4.53228  3.91918  3.43742  1.47848  3.88838  2.43316  2.96728  3.32075  2.50978  3.59410  3.65836  4.26581  3.57548  3.56678  3.19699  3.21878  2.55579  4.11663  2.48994     54 f - - -
          2.68618  4.42225  2.77519  2.73123  3.46354  2.40513  3.72494  3.29354  2.67741  2.69355  4.24690  2.90347  2.73739  3.18146  2.89801  2.37887  2.77519  2.98518  4.58477  3.61503
          0.02589  4.06267  4.78501  0.61958  0.77255  0.48576  0.95510
     31   2.84333  5.23239  2.45522  2.19608  4.53900  3.33734  3.71242  4.01602  2.50425  3.53805  4.36548  1.64774  3.86804  2.19427  2.94807  2.79021  3.10118  3.63217  5.69192  4.29239     55 n - - -
          2.68618  4.42225  2.77519  2.73123  3.46354  2.40513  3.72494  3.29354  2.67741  2.69355  4.24690  2.90347  2.73739  3.18146  2.89801  2.37887  2.77519  2.98518  4.58477  3.61503
          0.02589  4.06267  4.78501  0.61958  0.77255  0.48576  0.95510
     32   2.84884  2.66566  4.56085  4.03377  3.51986  4.03524  4.63601  1.79793  3.90851  2.25535  3.40719  4.18414  4.44999  4.15385  4.08775  3.40028  3.13356  1.18821  5.25712  4.05059     56 v - - -
          2.68618  4.42225  2.77519  2.73123  3.46354  2.40513  3.72494  3.29354  2.67741  2.69355  4.24690  2.90347  2.73739  3.18146  2.89801  2.37887  2.77519  2.98518  4.58477  3.61503
          0.02589  4.06267  4.78501  0.61958  0.77255  0.48576  0.95510
     33   3.37485  4.78303  4.49414  4.13885  3.21854  4.22171  4.73527  2.43704  3.90478  0.67201  3.18922  4.39584  4.62691  4.22725  4.04809  3.82086  3.66187  2.52301  5.16264  3.92853     57 L - - -
          2.68618  4.42225  2.77519  2.73123  3.46354  2.40513  3.72494  3.29354  2.67741  2.69355  4.24690  2.90347  2.73739  3.18146  2.89801  2.37887  2.77519  2.98518  4.58477  3.61503
          0.02589  4.06267  4.78501  0.61958  0.77255  0.48576  0.95510
     34   1.18704  2.33708  3.96576  3.58559  4.02116  2.78697  4.37158  3.26587  3.49458  3.10079  3.98577  3.53874  3.75971  3.75383  3.71313  2.46136  2.71383  2.85555  5.45837  4.28673     58 a - - -
          2.68618  4.42225  2.77519  2.73123  3.46354  2.40513  3.72494  3.29354  2.67741  2.69355  4.24690  2.90347  2.73739  3.18146  2.89801  2.37887  2.77519  2.98518  4.58477  3.61503
          0.02589  4.06267  4.78501  0.61958  0.77255  0.48576  0.95510
     35   2.94342  5.00673  3.26018  2.74558  4.00404  3.59458  1.68746  3.76887  2.16849  3.27817  4.16749  3.18045  4.01346  2.88098  1.90038  2.96984  3.15750  3.46495  5.22402  3.86442     59 h - - -
          2.68618  4.42225  2.77519  2.73123  3.46354  2.40513  3.72494  3.29354  2.67741  2.69355  4.24690  2.90347  2.73739  3.18146  2.89801  2.37887  2.77519  2.98518  4.58477  3.61503
          0.02589  4.06267  4.78501  0.61958  0.77255  0.48576  0.95510
     36   2.16790  4.32886  4.33370  3.83565  3.57757  3.97985  4.59735  1.28581  3.73061  2.24785  3.43739  4.06609  4.41612  4.01836  3.96874  3.34699  3.14991  1.72683  5.34057  4.13443     60 i - - -
          2.68618  4.42225  2.77519  2.73123  3.46354  2.40513  3.72494  3.29354  2.67741  2.69355  4.24690  2.90347  2.73739  3.18146  2.89801  2.37887  2.77519  2.98518  4.58477  3.61503
          0.02589  4.06267  4.78501  0.61958  0.77255  0.48576  0.95510
     37   1.63982  4.19746  3.47314  3.20082  4.33192  2.97473  4.27195  3.69927  3.25428  3.43512  4.27973  3.34538  3.72928  3.54877  3.55839  1.22343  2.74886  3.16902  5.68813  4.46757     61 s - - -
          2.68618  4.42225  2.77519  2.73123  3.46354  2.40513  3.72494  3.29354  2.67741  2.69355  4.24690  2.90347  2.73739  3.18146  2.89801  2.37887  2.77519  2.98518  4.58477  3.61503
          0.02589  4.06267  4.78501  0.61958  0.77255  0.48576  0.95510
     38   2.91867  4.67113  3.63107  3.55666  4.68769  0.48788  4.66153  4.33729  3.76357  3.96631  4.94643  3.79594  4.06812  4.07298  3.97508  3.09667  3.41471  3.82887  5.72872  4.79735     62 G - - -
          2.68618  4.42225  2.77519  2.73123  3.46354  2.40513  3.72494  3.29354  2.67741  2.69355  4.24690  2.90347  2.73739  3.18146  2.89801  2.37887  2.77519  2.98518  4.58477  3.61503
          0.02589  4.06267  4.78501  0.61958  0.77255  0.48576  0.95510
     39   3.07662  5.15256  3.35366  2.82091  4.58548  3.64264  3.70440  3.97513  0.99413  3.44837  4.34447  3.23181  4.06431  2.85448  2.13859  3.08344  3.27401  3.65988  5.49488  4.31019     63 k - - -
          2.68618  4.42225  2.77519  2.73123  3.46354  2.40513  3.72494  3.29354  2.67741  2.69355  4.24690  2.90347  2.73739  3.18146  2.89801  2.37887  2.77519  2.98518  4.58477  3.61503
          0.02589  4.06267  4.78501  0.61958  0.77255  0.48576  0.95510
     40   3.25612  4.56632  4.87127  4.35333  3.28823  4.55963  4.95507  1.22378  4.18778  1.35158  3.11136  4.59503  4.79615  4.39617  4.33996  3.93996  3.49936  1.90140  5.33107  4.17035     64 i - - -
          2.68618  4.42225  2.77519  2.73123  3.46354  2.40513  3.72494  3.29354  2.67741  2.69355  4.24690  2.90347  2.73739  3.18146  2.89801  2.37887  2.77519  2.98518  4.58477  3.61503
          0.02589  4.06267  4.78501  0.61958  0.77255  0.48576  0.95510
     41   2.74895  4.75922  3.36393  2.82299  4.24535  3.46015  3.77276  3.58787  2.26180  3.19665  4.09034  3.21565  3.94717  2.94821  1.43306  2.83404  2.22576  3.26713  5.40485  4.17410     65 r - - -
          2.68618  4.42225  2.77519  2.73123  3.46354  2.40513  3.72494  3.29354  2.67741  2.69355  4.24690  2.90347  2.73739  3.18146  2.89801  2.37887  2.77519  2.98518  4.58477  3.61503
          0.02589  4.06267  4.78501  0.61958  0.77255  0.48576  0.95510
     42   3.09515  5.23544  3.50879  2.81450  4.70379  3.71282  3.61920  4.03740  1.51357  3.45615  4.31808  3.21742  4.06525  2.54698  1.36817  3.07955  3.24898  3.71474  5.48733  4.32598     66 r - - -
          2.68618  4.42225  2.77519  2.73123  3.46354  2.40513  3.72494  3.29354  2.67741  2.69355  4.24690  2.90347  2.73739  3.18146  2.89801  2.37887  2.77519  2.98518  4.58477  3.61503
          0.02589  4.06267  4.78501  0.61958  0.77255  0.48576  0.95510
     43   2.77806  4.65846  3.18613  2.84430  2.34576  3.51214  3.78067  3.25847  2.90251  2.88235  3.88357  1.55249  4.01441  3.22814  3.27114  2.89153  3.07204  3.01882  4.69725  3.13819     67 n - - -
          2.68618  4.42225  2.77519  2.73123  3.46354  2.40513  3.72494  3.29354  2.67741  2.69355  4.24690  2.90347  2.73739  3.18146  2.89801  2.37887  2.77519  2.98518  4.58477  3.61503
          0.02589  4.06267  4.78501  0.61958  0.77255  0.48576  0.95510
     44   2.75853  4.71463  3.23718  2.70669  3.65609  3.55618  3.67612  3.32306  2.29799  2.94196  3.82339  2.92232  3.95239  2.92190  2.23335  2.84689  2.97956  3.05666  5.02023  2.00772     68 y - - -
          2.68618  4.42225  2.77519  2.73123  3.46354  2.40513  3.72494  3.29354  2.67741  2.69355  4.24690  2.90347  2.73739  3.18146  2.89801  2.37887  2.77519  2.98518  4.58477  3.61503
          0.02589  4.06267  4.78501  0.61958  0.77255  0.48576  0.95510
     45   3.18149  4.55287  4.59766  4.22398  3.50904  4.26552  4.92046  0.86920  4.05581  2.06057  3.41933  4.44324  4.68220  4.38706  4.23118  3.78278  3.47881  1.87005  5.43634  4.18837     69 i - - -
          2.68618  4.42225  2.77519  2.73123  3.46354  2.40513  3.72494  3.29354  2.67741  2.69355  4.24690  2.90347  2.73739  3.18146  2.89801  2.37887  2.77519  2.98518  4.58477  3.61503
          0.02589  4.06267  4.78501  0.61958  0.77255  0.48576  0.95510
     46   3.08519  5.18390  3.43446  2.82502  4.63367  3.67632  3.66447  3.99726  1.05563  3.44769  4.32842  3.22951  4.06624  2.80478  1.95843  3.08367  3.26253  3.67969  5.48811  4.31584     70 k - - -
          2.68618  4.42225  2.77519  2.73123  3.46354  2.40513  3.72494  3.29354  2.67741  2.69355  4.24690  2.90347  2.73739  3.18146  2.89801  2.37887  2.77519  2.98518  4.58477  3.61503
          0.02589  4.06267  4.78501  0.61958  0.77255  0.48576  0.95510
     47   3.22005  4.52398  4.88755  4.36192  3.36372  4.56022  4.99420  1.15396  4.22012  1.52084  3.16991  4.59990  4.80233  4.42932  4.38342  3.93279  3.46580  1.74858  5.39657  4.24138     71 i - - -
          2.68618  4.42225  2.77519  2.73123  3.46354  2.40513  3.72494  3.29354  2.67741  2.69355  4.24690  2.90347  2.73739  3.18146  2.89801  2.37887  2.77519  2.98518  4.58477  3.61503
          0.02589  4.06267  4.78501  0.61958  0.77255  0.48576  0.95510
     48   3.37485  4.78303  4.49414  4.13885  3.21854  4.22171  4.73527  2.43704  3.90478  0.67201  3.18922  4.39584  4.62691  4.22725  4.04809  3.82086  3.66187  2.52301  5.16264  3.92853     72 L - - -
          2.68618  4.42225  2.77519  2.73123  3.46354  2.40513  3.72494  3.29354  2.67741  2.69355  4.24690  2.90347  2.73739  3.18146  2.89801  2.37887  2.77519  2.98518  4.58477  3.61503
          0.02589  4.06267  4.78501  0.61958  0.77255  0.48576  0.95510
     49   1.73941  4.30467  3.36020  3.09541  4.26508  3.07184  4.20852  3.58514  3.14965  3.32295  4.22017  3.32835  1.42856  3.47722  3.46573  2.54219  2.83485  3.13994  5.62073  4.39729     73 p - - -
          2.68618  4.42225  2.77519  2.73123  3.46354  2.40513  3.72494  3.29354  2.67741  2.69355  4.24690  2.90347  2.73739  3.18146  2.89801  2.37887  2.77519  2.98518  4.58477  3.61503
          0.02589  4.06267  4.78501  0.61958  0.77255  0.48576  0.95510
     50   2.91867  4.67113  3.63107  3.55666  4.68769  0.48788  4.66153  4.33729  3.76357  3.96631  4.94643  3.79594  4.06812  4.07298  3.97508  3.09667  3.41471  3.82887  5.72872  4.79735     74 G - - -
          2.68618  4.42225  2.77519  2.73123  3.46354  2.40513  3.72494  3.29354  2.67741  2.69355  4.24690  2.90347  2.73739  3.18146  2.89801  2.37887  2.77519  2.98518  4.58477  3.61503
          0.02589  4.06267  4.78501  0.61958  0.77255  0.48576  0.95510
     51   3.20495  5.34965  0.67932  2.47375  4.75481  3.36469  4.11356  4.38862  3.23597  3.96456  4.95078  3.03819  4.03127  3.35580  3.77502  3.14855  3.54894  4.00882  5.88529  4.60139     75 D - - -
          2.68618  4.42225  2.77519  2.73123  3.46354  2.40513  3.72494  3.29354  2.67741  2.69355  4.24690  2.90347  2.73739  3.18146  2.89801  2.37887  2.77519  2.98518  4.58477  3.61503
          0.02589  4.06267  4.78501  0.61958  0.77255  0.48576  0.95510
     52   3.12849  5.21145  3.57471  2.87991  4.68413  3.72540  3.64594  4.02252  1.53197  3.45332  4.33316  3.26387  4.08968  2.78202  1.24343  3.12500  3.28668  3.71027  5.48050  4.33284     76 r - - -
          2.68618  4.42225  2.77519  2.73123  3.46354  2.40513  3.72494  3.29354  2.67741  2.69355  4.24690  2.90347  2.73739  3.18146  2.89801  2.37887  2.77519  2.98518  4.58477  3.61503
          0.02589  4.06267  4.78501  0.61958  0.77255  0.48576  0.95510
     53   2.96067  4.45519  4.38539  4.05830  3.69619  3.91695  4.82943  2.06037  3.92906  2.35261  3.63614  4.21654  4.46972  4.27693  4.12269  3.43555  3.31938  0.81491  5.51149  4.25327     77 v - - -
          2.68618  4.42225  2.77519  2.73123  3.46354  2.40513  3.72494  3.29354  2.67741  2.69355  4.24690  2.90347  2.73739  3.18146  2.89801  2.37887  2.77519  2.98518  4.58477  3.61503
          0.02589  4.06267  4.78501  0.61958  0.77255  0.48576  0.95510
     54   2.81794  4.82595  3.29222  2.73928  4.06171  3.57438  3.72239  3.32404  1.43876  2.36913  3.91880  3.18046  3.98198  2.89856  2.52583  2.89299  2.89354  3.07946  5.31065  4.05370     78 k - - -
          2.68618  4.42225  2.77519  2.73123  3.46354  2.40513  3.72494  3.29354  2.67741  2.69355  4.24690  2.90347  2.73739  3.18146  2.89801  2.37887  2.77519  2.98518  4.58477  3.61503
          0.02589  4.06267  4.78501  0.61958  0.77255  0.48576  0.95510
     55   2.96067  4.45519  4.38539  4.05830  3.69619  3.91695  4.82943  2.06037  3.92906  2.35261  3.63614  4.21654  4.46972  4.27693  4.12269  3.43555  3.31938  0.81491  5.51149  4.25327     79 v - - -
          2.68618  4.42225  2.77519  2.73123  3.46354  2.40513  3.72494  3.29354  2.67741  2.69355  4.24690  2.90347  2.73739  3.18146  2.89801  2.37887  2.77519  2.98518  4.58477  3.61503
          0.02589  4.06267  4.78501  0.61958  0.77255  0.48576  0.95510
     56   2.94405  5.21745  2.44516  1.00622  4.65651  2.88327  3.88271  4.13636  2.79137  3.70463  4.58305  2.90205  3.92192  3.06758  3.26081  2.90303  3.25185  3.74397  5.81403  4.45581     80 e - - -
          2.68618  4.42225  2.77519  2.73123  3.46354  2.40513  3.72494  3.29354  2.67741  2.69355  4.24690  2.90347  2.73739  3.18146  2.89801  2.37887  2.77519  2.98518  4.58477  3.61503
          0.02589  4.06267  4.78501  0.61958  0.77255  0.48576  0.95510
     57   3.22954  4.54311  4.87587  4.33035  3.26961  4.54300  4.93347  1.64873  4.20299  1.12524  3.06349  4.57403  4.76596  4.36489  4.35108  3.90035  3.46619  1.72173  5.31065  4.20104     81 l - - -
          2.68618  4.42225  2.77519  2.73123  3.46354  2.40513  3.72494  3.29354  2.67741  2.69355  4.24690  2.90347  2.73739  3.18146  2.89801  2.37887  2.77519  2.98518  4.58477  3.61503
          0.02589  4.06267  4.78501  0.61958  0.77255  0.48576  0.95510
     58   2.30289  4.23738  3.43991  3.12372  4.21892  3.03474  4.18622  3.56379  3.12937  3.30624  4.16602  3.32219  3.75522  3.45616  3.44270  1.70241  1.42613  3.09815  5.58271  4.35032     82 t - - -
          2.68618  4.42225  2.77519  2.73123  3.46354  2.40513  3.72494  3.29354  2.67741  2.69355  4.24690  2.90347  2.73739  3.18146  2.89801  2.37887  2.77519  2.98518  4.58477  3.61503
          0.02589  4.06267  4.78501  0.61958  0.77255  0.48576  0.95510
     59   3.02347  4.74480  3.65187  3.52128  4.49355  3.42175  4.57977  4.09212  3.59569  3.69657  4.75715  3.80696  0.53936  3.97859  3.81629  3.19778  3.48075  3.71505  5.62389  4.61806     83 P - - -
          2.68618  4.42225  2.77519  2.73123  3.46354  2.40513  3.72494  3.29354  2.67741  2.69355  4.24690  2.90347  2.73739  3.18146  2.89801  2.37887  2.77519  2.98518  4.58477  3.61503
          0.02589  4.06267  4.78501  0.61958  0.77255  0.48576  0.95510
     60   3.53283  4.94431  4.12431  3.89293  2.32572  4.05584  3.72392  3.51679  3.74523  2.92061  4.17270  3.96531  4.52691  4.00486  3.88830  3.64905  3.82137  3.39681  3.97552  0.69989     84 y - - -
          2.68618  4.42225  2.77519  2.73123  3.46354  2.40513  3.72494  3.29354  2.67741  2.69355  4.24690  2.90347  2.73739  3.18146  2.89801  2.37887  2.77519  2.98518  4.58477  3.61503
          0.02589  4.06267  4.78501  0.61958  0.77255  0.48576  0.95510
     61   3.20495  5.34965  0.67932  2.47375  4.75481  3.36469  4.11356  4.38862  3.23597  3.96456  4.95078  3.03819  4.03127  3.35580  3.77502  3.14855  3.54894  4.00882  5.88529  4.60139     85 D - - -
          2.68618  4.42225  2.77519  2.73123  3.46354  2.40513  3.72494  3.29354  2.67741  2.69355  4.24690  2.90347  2.73739  3.18146  2.89801  2.37887  2.77519  2.98518  4.58477  3.61503
          0.02589  4.06267  4.78501  0.61958  0.77255  0.48576  0.95510
     62   3.37485  4.78303  4.49414  4.13885  3.21854  4.22171  4.73527  2.43704  3.90478  0.67201  3.18922  4.39584  4.62691  4.22725  4.04809  3.82086  3.66187  2.52301  5.16264  3.92853     86 L - - -
          2.68618  4.42225  2.77519  2.73123  3.46354  2.40513  3.72494  3.29354  2.67741  2.69355  4.24690  2.90347  2.73739  3.18146  2.89801  2.37887  2.77519  2.98518  4.58477  3.61503
          0.02589  4.06267  4.78501  0.61958  0.77255  0.48576  0.95510
     63   2.31188  4.26394  3.34611  3.02223  4.22524  2.83369  4.12402  3.62418  3.06222  3.31331  4.14748  3.16913  3.74695  3.37819  3.40037  1.93340  1.38665  3.14500  5.56668  4.33224     87 t - - -
          2.68618  4.42225  2.77519  2.73123  3.46354  2.40513  3.72494  3.29354  2.67741  2.69355  4.24690  2.90347  2.73739  3.18146  2.89801  2.37887  2.77519  2.98518  4.58477  3.61503
          0.02589  4.06267  4.78501  0.61958  0.77255  0.48576  0.95510
     64   3.10709  5.21885  3.52755  2.84507  4.69109  3.71072  3.63938  4.03270  1.19460  3.46023  4.33279  3.24032  4.07542  2.77262  1.64093  3.09838  3.26778  3.71341  5.48786  4.33066     88 k - - -
          2.68618  4.42225  2.77519  2.73123  3.46354  2.40513  3.72494  3.29354  2.67741  2.69355  4.24690  2.90347  2.73739  3.18146  2.89801  2.37887  2.77519  2.98518  4.58477  3.61503
          0.02589  4.06267  4.78501  0.61958  0.77255  0.48576  0.95510
     65   2.91867  4.67113  3.63107  3.55666  4.68769  0.48788  4.66153  4.33729  3.76357  3.96631  4.94643  3.79594  4.06812  4.07298  3.97508  3.09667  3.41471  3.82887  5.72872  4.79735     89 G - - -
          2.68618  4.42225  2.77519  2.73123  3.46354  2.40513  3.72494  3.29354  2.67741  2.69355  4.24690  2.90347  2.73739  3.18146  2.89801  2.37887  2.77519  2.98518  4.58477  3.61503
          0.02589  4.06267  4.78501  0.61958  0.77255  0.48576  0.95510
     66   3.23156  5.04950  3.74274  3.21904  4.45288  3.67780  3.97906  4.01123  2.33717  3.49273  4.49139  3.56241  4.17426  3.19295  0.72325  3.30870  3.48655  3.72781  5.46066  4.34266     90 r - - -
          2.68618  4.42225  2.77519  2.73123  3.46354  2.40513  3.72494  3.29354  2.67741  2.69355  4.24690  2.90347  2.73739  3.18146  2.89801  2.37887  2.77519  2.98518  4.58477  3.61503
          0.02589  4.06267  4.78501  0.61958  0.77255  0.48576  0.95510
     67   3.18149  4.55287  4.59766  4.22398  3.50904  4.26552  4.92046  0.86920  4.05581  2.06057  3.41933  4.44324  4.68220  4.38706  4.23118  3.78278  3.47881  1.87005  5.43634  4.18837     91 i - - -
          2.68618  4.42225  2.77519  2.73123  3.46354  2.40513  3.72494  3.29354  2.67741  2.69355  4.24690  2.90347  2.73739  3.18146  2.89801  2.37887  2.77519  2.98518  4.58477  3.61503
          0.02589  4.06267  4.78501  0.61958  0.77255  0.48576  0.95510
     68   2.52614  4.37018  3.60896  3.37502  4.14868  3.20188  4.37628  3.29953  3.32176  3.15615  4.19772  3.55021  3.92218  3.70790  3.56845  2.72997  0.88590  2.97358  5.56945  4.36661     92 t - - -
          2.68618  4.42225  2.77519  2.73123  3.46354  2.40513  3.72494  3.29354  2.67741  2.69355  4.24690  2.90347  2.73739  3.18146  2.89801  2.37887  2.77519  2.98518  4.58477  3.61503
          0.02589  4.06267  4.78501  0.61958  0.77255  0.48576  0.95510
     69   3.57528  4.91464  4.39272  4.07790  1.95130  4.28238  3.54273  3.35715  3.92922  2.72514  3.98989  3.99913  4.64312  4.03199  4.04331  3.68314  3.81992  3.26804  3.72452  0.82220     93 y - - -
          2.68618  4.42225  2.77519  2.73123  3.46354  2.40513  3.72494  3.29354  2.67741  2.69355  4.24690  2.90347  2.73739  3.18146  2.89801  2.37887  2.77519  2.98518  4.58477  3.61503
          0.02589  4.06267  4.78501  0.61958  0.77255  0.48576  0.95510
     70   3.23156  5.04950  3.74274  3.21904  4.45288  3.67780  3.97906  4.01123  2.33717  3.49273  4.49139  3.56241  4.17426  3.19295  0.72325  3.30870  3.48655  3.72781  5.46066  4.34266     94 r - - -
          2.68618  4.42225  2.77519  2.73123  3.46354  2.40513  3.72494  3.29354  2.67741  2.69355  4.24690  2.90347  2.73739  3.18146  2.89801  2.37887  2.77519  2.98518  4.58477  3.61503
          0.02589  4.06267  4.78501  0.61958  0.77255  0.48576  0.95510
     71   2.62807  4.61533  2.86289  2.22518  3.77451  3.46169  3.49892  3.03592  2.56907  1.95783  3.69889  3.05293  3.87108  2.91955  2.98511  2.72453  2.86221  2.90003  5.13958  3.84082     95 l - - -
          2.68618  4.42225  2.77519  2.73123  3.46354  2.40513  3.72494  3.29354  2.67741  2.69355  4.24690  2.90347  2.73739  3.18146  2.89801  2.37887  2.77519  2.98518  4.58477  3.61503
          0.02589  4.06267  4.78501  0.61958  0.77255  0.48576  0.95510
     72   3.00495  5.14823  3.40720  2.76161  4.59516  3.65103  3.63278  3.94813  1.60151  3.40639  4.26173  3.18169  3.62465  2.76618  1.38325  3.00320  3.18413  3.62010  5.47121  4.28223     96 r - - -
          2.68618  4.42225  2.77519  2.73123  3.46354  2.40513  3.72494  3.29354  2.67741  2.69355  4.24690  2.90347  2.73739  3.18146  2.89801  2.37887  2.77519  2.98518  4.58477  3.61503
          0.02589  4.06267  4.78501  0.61958  0.77255  0.48576  0.95510
     73   2.72099  5.04586  2.73639  2.36846  4.41246  3.14742  3.65758  3.85432  1.89027  3.38418  4.18829  1.96728  3.42315  2.76479  2.77862  2.70490  2.94376  3.47225  5.54819  4.19301     97 k - - -
          2.68618  4.42225  2.77519  2.73123  3.46354  2.40513  3.72494  3.29354  2.67741  2.69355  4.24690  2.90347  2.73739  3.18146  2.89801  2.37887  2.77519  2.98518  4.58477  3.61503
          0.05527  4.06267  3.30849  0.61958  0.77255  0.48576  0.95510
     74   2.25439  4.89938  2.92055  2.44801  4.25044  3.39920  3.63896  3.66582  1.72482  3.22830  4.04205  2.77293  3.79367  2.69747  2.68610  2.61136  2.79761  3.31307  5.41917  4.09889     98 k - - -
          2.68631  4.42272  2.77566  2.73170  3.46390  2.40394  3.72505  3.29397  2.67741  2.69402  4.24736  2.90360  2.73671  3.18193  2.89653  2.37904  2.77558  2.98534  4.58524  3.61537
          0.30884  1.32537        *  2.21776  0.11525  0.00000        *
//
