HMMER3/f [3.1b2 | February 2015]
NAME  1G0WC.faa.final_tree.fa
LENG  181
ALPH  amino
RF    no
MM    no
CONS  yes
CS    no
MAP   yes
DATE  Fri Aug  3 14:15:38 2018
NSEQ  138
EFFN  0.686462
CKSUM 4198232465
STATS LOCAL MSV      -10.2021  0.70659
STATS LOCAL VITERBI  -10.9902  0.70659
STATS LOCAL FORWARD   -4.8544  0.70659
HMM          A        C        D        E        F        G        H        I        K        L        M        N        P        Q        R        S        T        V        W        Y   
            m->m     m->i     m->d     i->m     i->i     d->m     d->d
  COMPO   2.58911  4.52585  2.80472  2.56398  3.51062  2.99897  3.69385  2.84403  2.42370  2.51210  3.59373  3.10408  3.42171  2.95053  2.69439  2.78253  2.97136  2.62529  5.14765  3.58159
          2.68621  4.42220  2.77540  2.73134  3.46355  2.40530  3.72487  3.29355  2.67741  2.69342  4.24469  2.90354  2.73723  3.18137  2.89806  2.37899  2.77514  2.98527  4.58463  3.61501
          0.58372  1.40709  1.62290  1.57926  0.23083  0.00000        *
      1   2.53184  4.46193  3.15950  2.61667  3.65164  3.41008  3.66027  2.89385  2.42555  2.56050  3.47067  3.06914  2.76783  2.82528  2.77615  2.67273  2.78625  2.73076  5.02816  3.75835     31 k - - -
          2.68618  4.42225  2.77519  2.73123  3.46354  2.40513  3.72494  3.29354  2.67741  2.69355  4.24690  2.90347  2.73739  3.18146  2.89801  2.37887  2.77519  2.98518  4.58477  3.61503
          0.03541  3.75412  4.47647  0.61958  0.77255  0.58090  0.81961
      2   2.56189  4.52221  3.16059  2.59438  3.75023  3.41798  3.63994  3.11296  2.38163  2.77494  3.16207  2.98458  3.60987  2.83257  2.27021  2.67166  2.67916  2.73500  5.07787  3.81103     32 r - - -
          2.68618  4.42225  2.77519  2.73123  3.46354  2.40513  3.72494  3.29354  2.67741  2.69355  4.24690  2.90347  2.73739  3.18146  2.89801  2.37887  2.77519  2.98518  4.58477  3.61503
          0.03335  3.81312  4.53546  0.61958  0.77255  0.54154  0.87192
      3   2.51356  4.41255  3.20460  2.66220  3.59348  3.42591  3.66294  2.88543  2.58500  2.63684  3.18179  3.03984  2.53632  2.94959  2.94762  2.65150  2.74665  2.71501  4.98974  3.61198     33 a - - -
          2.68618  4.42225  2.77519  2.73123  3.46354  2.40513  3.72494  3.29354  2.67741  2.69355  4.24690  2.90347  2.73739  3.18146  2.89801  2.37887  2.77519  2.98518  4.58477  3.61503
          0.03494  3.86662  4.31187  0.61958  0.77255  0.51672  0.90751
      4   2.54752  4.61330  2.97429  2.49569  3.82965  3.37877  3.62260  3.19832  2.39220  2.85572  3.42919  2.93451  3.45942  2.78885  2.37979  2.61034  2.77640  2.63195  5.14337  3.84618     34 r - - -
          2.68618  4.42225  2.77519  2.73123  3.46354  2.40513  3.72494  3.29354  2.67741  2.69355  4.24690  2.90347  2.73739  3.18146  2.89801  2.37887  2.77519  2.98518  4.58477  3.61503
          0.03362  3.90209  4.35332  0.61958  0.77255  0.50458  0.92574
      5   2.50659  4.18196  3.48708  2.96277  2.64194  3.54009  3.80581  2.42789  2.75354  2.37797  3.17356  3.25472  3.75008  3.16982  3.11393  2.77267  2.72753  2.31899  4.77392  3.55128     35 v - - -
          2.68618  4.42225  2.77519  2.73123  3.46354  2.40513  3.72494  3.29354  2.67741  2.69355  4.24690  2.90347  2.73739  3.18146  2.89801  2.37887  2.77519  2.98518  4.58477  3.61503
          0.03445  3.92419  4.26146  0.61958  0.77255  0.50721  0.92174
      6   2.56644  4.89724  2.32370  2.14808  4.09617  3.35277  3.56894  3.32938  2.31894  3.07717  3.91772  2.76986  3.75965  2.65899  2.74160  2.56143  2.78285  3.24827  5.37395  4.00934     36 e - - -
          2.68618  4.42225  2.77519  2.73123  3.46354  2.40513  3.72494  3.29354  2.67741  2.69355  4.24690  2.90347  2.73739  3.18146  2.89801  2.37887  2.77519  2.98518  4.58477  3.61503
          0.02963  3.92961  4.65195  0.61958  0.77255  0.50243  0.92901
      7   2.63768  4.93749  2.91252  2.30284  4.24028  3.40903  3.56186  3.58708  2.00937  3.17983  3.90121  2.86429  3.62977  2.58757  2.16819  2.57277  2.82346  3.30758  5.37768  4.04653     37 k - - -
          2.68618  4.42225  2.77519  2.73123  3.46354  2.40513  3.72494  3.29354  2.67741  2.69355  4.24690  2.90347  2.73739  3.18146  2.89801  2.37887  2.77519  2.98518  4.58477  3.61503
          0.02934  3.93927  4.66161  0.61958  0.77255  0.50426  0.92622
      8   2.75876  5.02099  2.95348  2.50999  4.38171  3.48026  3.53836  3.77893  1.74528  3.28706  4.11106  2.95785  3.80858  2.71420  1.80826  2.73874  2.96677  3.43367  5.41484  4.14170     38 k - - -
          2.68618  4.42225  2.77519  2.73123  3.46354  2.40513  3.72494  3.29354  2.67741  2.69355  4.24690  2.90347  2.73739  3.18146  2.89801  2.37887  2.77519  2.98518  4.58477  3.61503
          0.08462  3.94190  2.78502  0.61958  0.77255  0.50592  0.92370
      9   2.16408  4.71789  3.06965  2.53282  4.04970  3.39879  3.62183  3.38757  2.09333  3.03845  3.87839  2.95099  3.82251  2.78694  2.22499  2.66968  2.72055  3.11437  5.26510  3.98580     39 k - - -
          2.68618  4.42225  2.77519  2.73123  3.46354  2.40513  3.72494  3.29354  2.67741  2.69355  4.24690  2.90347  2.73739  3.18146  2.89801  2.37887  2.77519  2.98518  4.58477  3.61503
          0.03090  3.88818  4.61053  0.61958  0.77255  0.47495  0.97265
     10   2.51509  4.77759  2.92713  2.41751  4.04473  3.26574  3.61070  3.49940  2.35329  3.09020  3.90486  2.74146  2.70327  2.63955  2.49729  2.56218  2.73442  3.12919  5.31585  3.98933     40 k - - -
          2.68618  4.42225  2.77519  2.73123  3.46354  2.40513  3.72494  3.29354  2.67741  2.69355  4.24690  2.90347  2.73739  3.18146  2.89801  2.37887  2.77519  2.98518  4.58477  3.61503
          0.02926  3.94190  4.66425  0.61958  0.77255  0.50158  0.93032
     11   2.57020  4.63737  3.00957  2.47115  3.86115  3.40905  3.63497  3.24370  2.42080  2.87306  3.70821  2.70349  3.77005  2.54687  2.80911  2.56344  2.59063  2.48353  5.17169  3.87111     41 k - - -
          2.68618  4.42225  2.77519  2.73123  3.46354  2.40513  3.72494  3.29354  2.67741  2.69355  4.24690  2.90347  2.73739  3.18146  2.89801  2.37887  2.77519  2.98518  4.58477  3.61503
          0.02918  3.94463  4.66697  0.61958  0.77255  0.50330  0.92769
     12   2.68870  4.91043  3.24876  2.70930  4.32282  3.51133  3.64144  3.70166  2.02876  3.23636  4.11260  3.12684  3.94328  2.68052  1.39555  2.84642  3.07242  3.38591  5.37254  4.15064     42 r - - -
          2.68618  4.42225  2.77519  2.73123  3.46354  2.40513  3.72494  3.29354  2.67741  2.69355  4.24690  2.90347  2.73739  3.18146  2.89801  2.37887  2.77519  2.98518  4.58477  3.61503
          0.02918  3.94463  4.66697  0.61958  0.77255  0.50330  0.92769
     13   2.88635  5.46745  1.61969  1.62838  4.74848  3.20728  3.71326  4.26714  2.69842  3.75577  4.58902  2.32493  3.80928  2.83042  3.28293  2.77483  3.16571  3.83699  5.91466  4.41287     43 d - - -
          2.68618  4.42225  2.77519  2.73123  3.46354  2.40513  3.72494  3.29354  2.67741  2.69355  4.24690  2.90347  2.73739  3.18146  2.89801  2.37887  2.77519  2.98518  4.58477  3.61503
          0.02918  3.94463  4.66697  0.61958  0.77255  0.49228  0.94477
     14   3.00392  4.51266  4.15813  3.61190  3.13088  4.06796  4.33488  2.24081  3.38279  1.08607  2.96368  3.94011  4.38175  3.43425  3.61183  3.39068  3.24067  2.29686  5.00627  3.81146     44 l - - -
          2.68618  4.42225  2.77519  2.73123  3.46354  2.40513  3.72494  3.29354  2.67741  2.69355  4.24690  2.90347  2.73739  3.18146  2.89801  2.37887  2.77519  2.98518  4.58477  3.61503
          0.02898  3.95155  4.67389  0.61958  0.77255  0.49658  0.93805
     15   2.40084  4.34717  3.18983  2.98058  4.14958  3.07881  4.12579  3.49440  3.02043  3.20820  4.17764  3.26242  1.27471  3.40178  3.31949  2.58333  2.71885  3.10349  5.52233  4.27077     45 p - - -
          2.68618  4.42225  2.77519  2.73123  3.46354  2.40513  3.72494  3.29354  2.67741  2.69355  4.24690  2.90347  2.73739  3.18146  2.89801  2.37887  2.77519  2.98518  4.58477  3.61503
          0.02898  3.95155  4.67389  0.61958  0.77255  0.48758  0.95221
     16   2.55619  4.82152  2.93985  2.40168  4.08534  3.39309  3.58978  3.46725  2.22867  2.98933  3.65361  2.39231  3.54805  2.37166  2.76081  2.61740  2.78748  3.15183  5.30968  3.97731     46 k - - -
          2.68618  4.42225  2.77519  2.73123  3.46354  2.40513  3.72494  3.29354  2.67741  2.69355  4.24690  2.90347  2.73739  3.18146  2.89801  2.37887  2.77519  2.98518  4.58477  3.61503
          0.02881  3.95716  4.67951  0.61958  0.77255  0.49106  0.94669
     17   2.97383  4.40401  4.41987  3.97919  3.48006  4.11791  4.73868  1.10112  3.81263  2.03148  3.33949  4.21155  4.53357  4.14694  4.02549  3.52488  3.10963  1.74106  5.38498  4.15511     47 i - - -
          2.68618  4.42225  2.77519  2.73123  3.46354  2.40513  3.72494  3.29354  2.67741  2.69355  4.24690  2.90347  2.73739  3.18146  2.89801  2.37887  2.77519  2.98518  4.58477  3.61503
          0.02881  3.95716  4.67951  0.61958  0.77255  0.49106  0.94669
     18   2.79482  4.79349  2.75729  2.65150  4.17039  3.24169  3.99122  3.89941  2.90222  3.53679  4.49184  1.01647  3.89788  3.26445  3.25947  2.85899  3.17968  3.51305  5.46664  4.11290     48 n - - -
          2.68618  4.42225  2.77519  2.73123  3.46354  2.40513  3.72494  3.29354  2.67741  2.69355  4.24690  2.90347  2.73739  3.18146  2.89801  2.37887  2.77519  2.98518  4.58477  3.61503
          0.02881  3.95716  4.67951  0.61958  0.77255  0.49106  0.94669
     19   2.82109  5.33927  1.97612  1.38251  4.63514  3.17994  3.69978  4.12628  2.62752  3.63976  4.46657  2.67905  3.81154  2.85421  3.05715  2.75315  3.11101  3.71668  5.80666  4.34517     49 e - - -
          2.68618  4.42225  2.77519  2.73123  3.46354  2.40513  3.72494  3.29354  2.67741  2.69355  4.24690  2.90347  2.73739  3.18146  2.89801  2.37887  2.77519  2.98518  4.58477  3.61503
          0.02881  3.95716  4.67951  0.61958  0.77255  0.49106  0.94669
     20   2.89772  5.04235  3.15000  2.63300  4.42098  3.53595  3.61196  3.82483  1.99286  3.32131  4.17688  2.71702  3.94758  2.61127  1.43883  2.90311  3.10064  3.49727  5.41355  4.17865     50 r - - -
          2.68618  4.42225  2.77519  2.73123  3.46354  2.40513  3.72494  3.29354  2.67741  2.69355  4.24690  2.90347  2.73739  3.18146  2.89801  2.37887  2.77519  2.98518  4.58477  3.61503
          0.02881  3.95716  4.67951  0.61958  0.77255  0.49106  0.94669
     21   3.07321  4.46847  4.50862  4.08786  3.39819  4.22332  4.79609  1.04551  3.90650  1.93609  3.29768  4.31948  4.61379  4.23684  4.10183  3.65858  3.36339  1.77787  5.34483  4.08074     51 i - - -
          2.68618  4.42225  2.77519  2.73123  3.46354  2.40513  3.72494  3.29354  2.67741  2.69355  4.24690  2.90347  2.73739  3.18146  2.89801  2.37887  2.77519  2.98518  4.58477  3.61503
          0.02881  3.95716  4.67951  0.61958  0.77255  0.49106  0.94669
     22   2.80482  5.00695  3.05671  2.54125  4.37233  3.48611  3.54535  3.77442  1.97845  3.28784  4.12080  2.57588  3.89544  2.73970  1.67548  2.65350  3.01702  3.43445  5.41340  4.14765     52 r - - -
          2.68618  4.42225  2.77519  2.73123  3.46354  2.40513  3.72494  3.29354  2.67741  2.69355  4.24690  2.90347  2.73739  3.18146  2.89801  2.37887  2.77519  2.98518  4.58477  3.61503
          0.02881  3.95716  4.67951  0.61958  0.77255  0.49106  0.94669
     23   3.40828  4.72400  4.46022  4.08241  1.25011  4.24233  3.50356  3.09967  3.93971  2.48169  3.72106  3.96963  4.56301  3.98362  4.02818  3.59048  3.63578  2.94264  3.68119  1.47522     53 f - - -
          2.68618  4.42225  2.77519  2.73123  3.46354  2.40513  3.72494  3.29354  2.67741  2.69355  4.24690  2.90347  2.73739  3.18146  2.89801  2.37887  2.77519  2.98518  4.58477  3.61503
          0.02881  3.95716  4.67951  0.61958  0.77255  0.49106  0.94669
     24   2.50168  4.40855  3.19369  3.01560  4.15940  3.11003  4.16139  3.65537  3.08281  3.34157  4.30158  3.30644  1.10620  3.46313  3.37316  2.56763  2.95657  3.24057  5.49285  4.24143     54 p - - -
          2.68618  4.42225  2.77519  2.73123  3.46354  2.40513  3.72494  3.29354  2.67741  2.69355  4.24690  2.90347  2.73739  3.18146  2.89801  2.37887  2.77519  2.98518  4.58477  3.61503
          0.02881  3.95716  4.67951  0.61958  0.77255  0.49106  0.94669
     25   2.77754  5.10416  2.81634  2.31206  4.45182  3.42843  3.58995  3.87089  1.70749  3.36641  4.17780  2.78152  3.85399  2.16348  2.46621  2.73127  2.96526  3.50421  5.49317  4.17893     55 k - - -
          2.68618  4.42225  2.77519  2.73123  3.46354  2.40513  3.72494  3.29354  2.67741  2.69355  4.24690  2.90347  2.73739  3.18146  2.89801  2.37887  2.77519  2.98518  4.58477  3.61503
          0.02881  3.95716  4.67951  0.61958  0.77255  0.49106  0.94669
     26   3.14805  4.47451  4.74767  4.21275  3.29109  4.45456  4.86336  1.35511  4.07822  1.42140  3.09999  4.46803  4.70393  4.28950  4.25510  3.81407  3.39140  1.71745  5.30356  4.15444     56 i - - -
          2.68618  4.42225  2.77519  2.73123  3.46354  2.40513  3.72494  3.29354  2.67741  2.69355  4.24690  2.90347  2.73739  3.18146  2.89801  2.37887  2.77519  2.98518  4.58477  3.61503
          0.02881  3.95716  4.67951  0.61958  0.77255  0.49106  0.94669
     27   3.10212  4.93466  3.60153  3.09542  4.31074  3.57343  3.88750  3.85859  2.27417  3.35916  4.35744  3.44854  4.07217  3.10389  0.85653  3.18239  3.36249  3.57896  5.35963  4.22002     57 r - - -
          2.68618  4.42225  2.77519  2.73123  3.46354  2.40513  3.72494  3.29354  2.67741  2.69355  4.24690  2.90347  2.73739  3.18146  2.89801  2.37887  2.77519  2.98518  4.58477  3.61503
          0.02881  3.95716  4.67951  0.61958  0.77255  0.49106  0.94669
     28   2.61769  4.33100  4.24271  3.78206  3.56012  3.90781  4.58280  1.94429  3.64601  2.08075  3.43314  4.01474  4.37671  3.97683  3.88779  3.29912  3.14147  1.13692  5.35766  4.12417     58 v - - -
          2.68618  4.42225  2.77519  2.73123  3.46354  2.40513  3.72494  3.29354  2.67741  2.69355  4.24690  2.90347  2.73739  3.18146  2.89801  2.37887  2.77519  2.98518  4.58477  3.61503
          0.02881  3.95716  4.67951  0.61958  0.77255  0.49106  0.94669
     29   3.06322  4.39743  4.71414  4.21976  3.51808  4.37485  4.94316  1.26588  4.10155  2.02275  3.33173  4.44817  4.69969  4.37197  4.30621  3.76149  3.33210  1.28247  5.47848  4.27280     59 i - - -
          2.68618  4.42225  2.77519  2.73123  3.46354  2.40513  3.72494  3.29354  2.67741  2.69355  4.24690  2.90347  2.73739  3.18146  2.89801  2.37887  2.77519  2.98518  4.58477  3.61503
          0.02881  3.95716  4.67951  0.61958  0.77255  0.49106  0.94669
     30   2.83239  5.17954  1.15111  2.18268  4.63074  3.03140  3.82310  4.15382  2.86630  3.73465  4.60916  2.74345  3.82139  3.01372  3.43156  2.63943  3.17090  3.72348  5.87446  4.41093     60 d - - -
          2.68618  4.42225  2.77519  2.73123  3.46354  2.40513  3.72494  3.29354  2.67741  2.69355  4.24690  2.90347  2.73739  3.18146  2.89801  2.37887  2.77519  2.98518  4.58477  3.61503
          0.02881  3.95716  4.67951  0.61958  0.77255  0.49106  0.94669
     31   1.86963  4.24498  3.33152  2.89346  4.01607  3.05056  3.96216  3.31344  2.88611  3.08407  3.92473  3.13626  3.43463  3.20489  3.25225  1.96510  2.02678  2.98308  5.36879  4.12595     61 a - - -
          2.68618  4.42225  2.77519  2.73123  3.46354  2.40513  3.72494  3.29354  2.67741  2.69355  4.24690  2.90347  2.73739  3.18146  2.89801  2.37887  2.77519  2.98518  4.58477  3.61503
          0.02881  3.95716  4.67951  0.61958  0.77255  0.49106  0.94669
     32   2.92168  5.45328  1.17294  1.94455  4.75480  3.16496  3.77643  4.26077  2.81945  3.79898  4.67246  2.65912  3.83483  2.95436  3.41401  2.83122  3.24200  3.84721  5.96094  4.45966     62 d - - -
          2.68618  4.42225  2.77519  2.73123  3.46354  2.40513  3.72494  3.29354  2.67741  2.69355  4.24690  2.90347  2.73739  3.18146  2.89801  2.37887  2.77519  2.98518  4.58477  3.61503
          0.02881  3.95716  4.67951  0.61958  0.77255  0.49106  0.94669
     33   2.54643  4.42454  3.22125  3.11684  4.38966  0.83659  4.30740  3.97137  3.32258  3.64927  4.56518  3.26953  3.82884  3.63928  3.60102  2.70641  3.03235  3.45768  5.60267  4.45860     63 g - - -
          2.68618  4.42225  2.77519  2.73123  3.46354  2.40513  3.72494  3.29354  2.67741  2.69355  4.24690  2.90347  2.73739  3.18146  2.89801  2.37887  2.77519  2.98518  4.58477  3.61503
          0.02881  3.95716  4.67951  0.61958  0.77255  0.49106  0.94669
     34   2.35905  4.78794  2.78793  2.23477  4.09127  3.24089  3.63666  3.51033  2.35950  3.10988  3.92858  2.87398  3.78499  2.74927  2.90254  2.22264  2.44626  3.17271  5.34734  4.00932     64 s - - -
          2.68618  4.42225  2.77519  2.73123  3.46354  2.40513  3.72494  3.29354  2.67741  2.69355  4.24690  2.90347  2.73739  3.18146  2.89801  2.37887  2.77519  2.98518  4.58477  3.61503
          0.02881  3.95716  4.67951  0.61958  0.77255  0.49106  0.94669
     35   2.86719  4.91117  2.89036  2.63526  4.17019  3.38522  3.82252  3.75260  2.47355  3.26765  4.24577  3.10180  3.77840  1.21385  2.77049  2.90651  3.16363  3.45054  5.41105  4.10298     65 q - - -
          2.68618  4.42225  2.77519  2.73123  3.46354  2.40513  3.72494  3.29354  2.67741  2.69355  4.24690  2.90347  2.73739  3.18146  2.89801  2.37887  2.77519  2.98518  4.58477  3.61503
          0.02881  3.95716  4.67951  0.61958  0.77255  0.49106  0.94669
     36   3.19487  4.62925  4.49201  4.01012  3.08041  4.28182  4.63067  2.15147  3.75663  0.90336  2.96874  4.28101  4.59636  4.05913  3.93526  3.67411  3.45804  2.21395  5.09112  3.85480     66 l - - -
          2.68618  4.42225  2.77519  2.73123  3.46354  2.40513  3.72494  3.29354  2.67741  2.69355  4.24690  2.90347  2.73739  3.18146  2.89801  2.37887  2.77519  2.98518  4.58477  3.61503
          0.02881  3.95716  4.67951  0.61958  0.77255  0.49106  0.94669
     37   2.77264  4.53934  3.46372  3.37406  4.51417  0.60962  4.48886  4.13467  3.56683  3.77810  4.75477  3.62804  3.93319  3.88431  3.79329  2.94703  3.26047  3.64665  5.58665  4.61904     67 G - - -
          2.68618  4.42225  2.77519  2.73123  3.46354  2.40513  3.72494  3.29354  2.67741  2.69355  4.24690  2.90347  2.73739  3.18146  2.89801  2.37887  2.77519  2.98518  4.58477  3.61503
          0.02881  3.95716  4.67951  0.61958  0.77255  0.49106  0.94669
     38   3.07147  4.40273  4.72098  4.22184  3.50394  4.38919  4.94102  1.23224  4.10104  1.99284  3.31713  4.45377  4.70542  4.36921  4.30476  3.77246  3.33765  1.33250  5.46927  4.26602     68 i - - -
          2.68618  4.42225  2.77519  2.73123  3.46354  2.40513  3.72494  3.29354  2.67741  2.69355  4.24690  2.90347  2.73739  3.18146  2.89801  2.37887  2.77519  2.98518  4.58477  3.61503
          0.02881  3.95716  4.67951  0.61958  0.77255  0.48247  0.96040
     39   3.14295  4.48621  4.71027  4.14628  3.12824  4.40591  4.73744  1.53191  4.02135  1.39647  2.24724  4.40262  4.63179  4.17726  4.17471  3.74078  3.37086  2.00413  5.15083  4.05051     69 l - - -
          2.68618  4.42225  2.77519  2.73123  3.46354  2.40513  3.72494  3.29354  2.67741  2.69355  4.24690  2.90347  2.73739  3.18146  2.89801  2.37887  2.77519  2.98518  4.58477  3.61503
          0.02866  3.96249  4.68483  0.61958  0.77255  0.48576  0.95510
     40   2.49792  4.78621  2.56033  2.35635  4.09557  3.32788  3.45725  3.51861  2.46569  3.08605  3.93473  2.85380  3.64367  2.79697  2.93225  2.27505  2.22436  3.17708  5.35542  4.01245     70 t - - -
          2.68618  4.42225  2.77519  2.73123  3.46354  2.40513  3.72494  3.29354  2.67741  2.69355  4.24690  2.90347  2.73739  3.18146  2.89801  2.37887  2.77519  2.98518  4.58477  3.61503
          0.02866  3.96249  4.68483  0.61958  0.77255  0.48576  0.95510
     41   2.59684  4.68767  3.05519  2.57613  4.12548  3.34055  3.64112  3.53673  2.35457  3.13418  3.97233  3.03067  2.28929  2.86125  2.14119  2.53554  2.77864  3.18987  5.34446  4.05879     71 r - - -
          2.68618  4.42225  2.77519  2.73123  3.46354  2.40513  3.72494  3.29354  2.67741  2.69355  4.24690  2.90347  2.73739  3.18146  2.89801  2.37887  2.77519  2.98518  4.58477  3.61503
          0.02866  3.96249  4.68483  0.61958  0.77255  0.48576  0.95510
     42   2.54840  4.97876  2.67794  2.07687  4.27875  3.36406  3.54694  3.68020  2.25918  3.10597  4.03707  2.82070  3.76910  2.45824  2.42175  2.54901  2.82918  3.34611  5.43139  4.03265     72 e - - -
          2.68618  4.42225  2.77519  2.73123  3.46354  2.40513  3.72494  3.29354  2.67741  2.69355  4.24690  2.90347  2.73739  3.18146  2.89801  2.37887  2.77519  2.98518  4.58477  3.61503
          0.02866  3.96249  4.68483  0.61958  0.77255  0.48576  0.95510
     43   2.60944  5.26459  2.14141  1.48966  4.55822  3.26541  3.67017  4.03229  2.38981  3.55010  4.36392  2.73428  3.80523  2.76482  3.06553  2.72150  3.05205  3.63234  5.72223  4.28509     73 e - - -
          2.68618  4.42225  2.77519  2.73123  3.46354  2.40513  3.72494  3.29354  2.67741  2.69355  4.24690  2.90347  2.73739  3.18146  2.89801  2.37887  2.77519  2.98518  4.58477  3.61503
          0.02866  3.96249  4.68483  0.61958  0.77255  0.48576  0.95510
     44   0.96252  4.18011  3.46190  3.24851  4.22766  2.78975  4.29646  3.46956  3.29871  3.30840  4.22385  3.37902  3.73516  3.61183  3.56364  2.47990  2.77970  3.02254  5.59897  4.40804     74 a - - -
          2.68618  4.42225  2.77519  2.73123  3.46354  2.40513  3.72494  3.29354  2.67741  2.69355  4.24690  2.90347  2.73739  3.18146  2.89801  2.37887  2.77519  2.98518  4.58477  3.61503
          0.02866  3.96249  4.68483  0.61958  0.77255  0.48576  0.95510
     45   2.63876  4.28179  3.63278  3.06397  3.31616  3.62873  3.87669  2.58100  2.86029  1.61615  3.03384  3.33501  4.00564  3.13047  3.04172  2.87529  2.87224  2.46436  4.84114  3.60919     75 l - - -
          2.68618  4.42225  2.77519  2.73123  3.46354  2.40513  3.72494  3.29354  2.67741  2.69355  4.24690  2.90347  2.73739  3.18146  2.89801  2.37887  2.77519  2.98518  4.58477  3.61503
          0.02866  3.96249  4.68483  0.61958  0.77255  0.48576  0.95510
     46   2.56323  5.02346  2.60024  2.05965  4.33193  3.35227  3.56773  3.78595  2.26550  3.30644  4.08269  2.78602  3.76958  2.43039  2.40741  2.57387  2.77455  3.32553  5.47110  4.09162     76 e - - -
          2.68618  4.42225  2.77519  2.73123  3.46354  2.40513  3.72494  3.29354  2.67741  2.69355  4.24690  2.90347  2.73739  3.18146  2.89801  2.37887  2.77519  2.98518  4.58477  3.61503
          0.02866  3.96249  4.68483  0.61958  0.77255  0.48576  0.95510
     47   2.98743  4.35535  4.53744  3.97754  3.29331  4.24230  4.61236  1.59870  3.86073  1.59719  2.94201  4.22789  4.52678  4.07701  3.95005  3.56808  3.20329  1.54582  5.16138  4.01049     77 v - - -
          2.68618  4.42225  2.77519  2.73123  3.46354  2.40513  3.72494  3.29354  2.67741  2.69355  4.24690  2.90347  2.73739  3.18146  2.89801  2.37887  2.77519  2.98518  4.58477  3.61503
          0.02866  3.96249  4.68483  0.61958  0.77255  0.48576  0.95510
     48   1.02099  4.15370  3.46016  3.23728  4.16483  2.96618  4.27447  3.37408  3.26601  3.23843  4.16753  3.35871  3.72387  3.58699  3.53159  2.34331  2.74614  2.94545  5.58281  4.35047     78 a - - -
          2.68618  4.42225  2.77519  2.73123  3.46354  2.40513  3.72494  3.29354  2.67741  2.69355  4.24690  2.90347  2.73739  3.18146  2.89801  2.37887  2.77519  2.98518  4.58477  3.61503
          0.02866  3.96249  4.68483  0.61958  0.77255  0.48576  0.95510
     49   2.65444  5.08006  2.55487  1.91666  4.39603  3.34627  3.55255  3.85495  2.18991  3.32017  4.13942  2.80451  3.77821  2.43754  2.53120  2.53057  2.88767  3.45735  5.51548  4.13068     79 e - - -
          2.68618  4.42225  2.77519  2.73123  3.46354  2.40513  3.72494  3.29354  2.67741  2.69355  4.24690  2.90347  2.73739  3.18146  2.89801  2.37887  2.77519  2.98518  4.58477  3.61503
          0.02866  3.96249  4.68483  0.61958  0.77255  0.48576  0.95510
     50   2.87546  5.41195  1.92554  1.36068  4.69159  3.23202  3.71141  4.19424  2.64639  3.69593  4.52963  2.69199  3.81932  2.67553  3.21222  2.77618  3.14926  3.77969  5.85913  4.38170     80 e - - -
          2.68618  4.42225  2.77519  2.73123  3.46354  2.40513  3.72494  3.29354  2.67741  2.69355  4.24690  2.90347  2.73739  3.18146  2.89801  2.37887  2.77519  2.98518  4.58477  3.61503
          0.02866  3.96249  4.68483  0.61958  0.77255  0.48576  0.95510
     51   2.99782  5.15250  3.35325  2.67083  4.59155  3.62920  3.58226  3.93799  1.46734  3.38375  4.23910  3.09948  3.99540  2.65750  1.58225  2.98649  3.16532  3.61279  5.43865  4.25401     81 k - - -
          2.68618  4.42225  2.77519  2.73123  3.46354  2.40513  3.72494  3.29354  2.67741  2.69355  4.24690  2.90347  2.73739  3.18146  2.89801  2.37887  2.77519  2.98518  4.58477  3.61503
          0.02866  3.96249  4.68483  0.61958  0.77255  0.48576  0.95510
     52   2.85814  5.37955  2.02046  1.36825  4.68082  2.98778  3.71453  4.18211  2.67402  3.68846  4.51826  2.48069  3.81388  2.87179  3.23698  2.76455  3.13618  3.76388  5.85568  4.37935     82 e - - -
          2.68618  4.42225  2.77519  2.73123  3.46354  2.40513  3.72494  3.29354  2.67741  2.69355  4.24690  2.90347  2.73739  3.18146  2.89801  2.37887  2.77519  2.98518  4.58477  3.61503
          0.02866  3.96249  4.68483  0.61958  0.77255  0.48576  0.95510
     53   3.24584  4.65461  4.55869  4.04840  3.00690  4.36450  4.64638  2.19561  3.82208  0.87610  2.79697  4.33312  4.63091  4.07976  3.99661  3.74072  3.49062  2.29009  5.06472  3.84754     83 l - - -
          2.68618  4.42225  2.77519  2.73123  3.46354  2.40513  3.72494  3.29354  2.67741  2.69355  4.24690  2.90347  2.73739  3.18146  2.89801  2.37887  2.77519  2.98518  4.58477  3.61503
          0.02866  3.96249  4.68483  0.61958  0.77255  0.48576  0.95510
     54   3.08775  5.22803  0.79707  2.39426  4.61747  3.28015  4.01246  4.22644  3.11395  3.81897  4.79954  2.95495  3.93937  3.25212  3.64200  3.04031  3.42842  3.85622  5.76847  4.47616     84 d - - -
          2.68618  4.42225  2.77519  2.73123  3.46354  2.40513  3.72494  3.29354  2.67741  2.69355  4.24690  2.90347  2.73739  3.18146  2.89801  2.37887  2.77519  2.98518  4.58477  3.61503
          0.02866  3.96249  4.68483  0.61958  0.77255  0.48576  0.95510
     55   3.25696  4.69284  4.33379  3.97455  3.17143  4.09604  4.60207  2.38095  3.74141  0.77186  3.16719  4.24127  4.51625  4.08819  3.90255  3.67813  3.54731  2.44156  5.08286  3.82680     85 l - - -
          2.68618  4.42225  2.77519  2.73123  3.46354  2.40513  3.72494  3.29354  2.67741  2.69355  4.24690  2.90347  2.73739  3.18146  2.89801  2.37887  2.77519  2.98518  4.58477  3.61503
          0.02866  3.96249  4.68483  0.61958  0.77255  0.48576  0.95510
     56   2.87934  4.39758  4.24935  3.91575  3.61680  3.81635  4.70220  2.04886  3.78489  2.28854  3.56878  4.09098  4.37220  4.13843  3.98863  3.32593  3.23892  0.91866  5.41628  4.15326     86 v - - -
          2.68618  4.42225  2.77519  2.73123  3.46354  2.40513  3.72494  3.29354  2.67741  2.69355  4.24690  2.90347  2.73739  3.18146  2.89801  2.37887  2.77519  2.98518  4.58477  3.61503
          0.02866  3.96249  4.68483  0.61958  0.77255  0.48576  0.95510
     57   3.25647  4.63910  4.67286  4.12547  3.09181  4.43953  4.75161  2.16709  3.93776  0.89751  2.57978  4.41534  4.66898  4.14159  4.10406  3.79201  3.49020  2.18191  5.15482  4.04227     87 l - - -
          2.68618  4.42225  2.77519  2.73123  3.46354  2.40513  3.72494  3.29354  2.67741  2.69355  4.24690  2.90347  2.73739  3.18146  2.89801  2.37887  2.77519  2.98518  4.58477  3.61503
          0.02752  4.00252  4.72487  0.61958  0.77255  0.48576  0.95510
     58   3.02095  4.42723  4.52314  4.04353  3.46709  4.20880  4.76625  1.86505  3.87927  1.86446  3.34583  4.27875  4.59160  4.19479  4.09466  3.59948  3.30524  1.04994  5.37305  4.12284     88 v - - -
          2.68618  4.42225  2.77519  2.73123  3.46354  2.40513  3.72494  3.29354  2.67741  2.69355  4.24690  2.90347  2.73739  3.18146  2.89801  2.37887  2.77519  2.98518  4.58477  3.61503
          0.02752  4.00252  4.72487  0.61958  0.77255  0.48576  0.95510
     59   2.25165  4.22525  3.26129  3.05811  4.32926  2.78210  4.20443  3.77414  3.16449  3.47745  4.32174  3.25967  3.70968  3.47753  3.47224  1.05130  2.71904  3.22479  5.67158  4.42108     89 s - - -
          2.68618  4.42225  2.77519  2.73123  3.46354  2.40513  3.72494  3.29354  2.67741  2.69355  4.24690  2.90347  2.73739  3.18146  2.89801  2.37887  2.77519  2.98518  4.58477  3.61503
          0.02752  4.00252  4.72487  0.61958  0.77255  0.48576  0.95510
     60   2.87022  5.40943  1.65996  1.53661  4.71044  3.24348  3.72627  4.21337  2.68396  3.71465  4.53974  2.70860  3.24937  2.87994  3.25283  2.77454  3.14624  3.78984  5.87644  4.39687     90 e - - -
          2.68618  4.42225  2.77519  2.73123  3.46354  2.40513  3.72494  3.29354  2.67741  2.69355  4.24690  2.90347  2.73739  3.18146  2.89801  2.37887  2.77519  2.98518  4.58477  3.61503
          0.02752  4.00252  4.72487  0.61958  0.77255  0.48576  0.95510
     61   2.70174  5.04318  2.43166  2.32196  4.38759  3.31763  3.63772  3.82777  1.62784  3.36581  4.16964  2.77070  3.81461  2.77432  2.80664  2.63067  2.70739  3.44807  5.53680  4.17014     91 k - - -
          2.68618  4.42225  2.77519  2.73123  3.46354  2.40513  3.72494  3.29354  2.67741  2.69355  4.24690  2.90347  2.73739  3.18146  2.89801  2.37887  2.77519  2.98518  4.58477  3.61503
          0.02752  4.00252  4.72487  0.61958  0.77255  0.48576  0.95510
     62   1.42697  4.53799  2.99336  2.66576  4.06618  3.25203  3.84279  3.43307  2.55047  3.10653  3.97775  3.08717  3.82448  2.75831  2.99216  2.59289  2.88254  3.08934  5.38067  4.10164     92 a - - -
          2.68618  4.42225  2.77519  2.73123  3.46354  2.40513  3.72494  3.29354  2.67741  2.69355  4.24690  2.90347  2.73739  3.18146  2.89801  2.37887  2.77519  2.98518  4.58477  3.61503
          0.02752  4.00252  4.72487  0.61958  0.77255  0.48576  0.95510
     63   2.87176  5.40014  1.38231  2.05692  4.68660  3.25317  3.71788  4.18379  2.49572  3.68534  4.51093  2.54384  3.83079  2.74032  3.20473  2.75670  3.06177  3.76945  5.85165  4.38135     93 d - - -
          2.68618  4.42225  2.77519  2.73123  3.46354  2.40513  3.72494  3.29354  2.67741  2.69355  4.24690  2.90347  2.73739  3.18146  2.89801  2.37887  2.77519  2.98518  4.58477  3.61503
          0.02752  4.00252  4.72487  0.61958  0.77255  0.48576  0.95510
     64   2.44833  4.37132  3.27295  2.94949  4.00891  3.17391  4.03902  3.28954  2.89985  2.86672  3.98903  3.26109  1.48456  3.29741  3.21746  2.61117  2.55423  2.95806  5.41828  4.14671     94 p - - -
          2.68618  4.42225  2.77519  2.73123  3.46354  2.40513  3.72494  3.29354  2.67741  2.69355  4.24690  2.90347  2.73739  3.18146  2.89801  2.37887  2.77519  2.98518  4.58477  3.61503
          0.02752  4.00252  4.72487  0.61958  0.77255  0.48576  0.95510
     65   2.93211  4.66617  3.55361  3.41255  4.39402  3.34639  4.47809  3.97439  3.48127  3.58653  4.64295  3.70544  0.61778  3.86609  3.71081  3.10401  3.38422  3.60469  5.54345  4.51695     95 P - - -
          2.68618  4.42225  2.77519  2.73123  3.46354  2.40513  3.72494  3.29354  2.67741  2.69355  4.24690  2.90347  2.73739  3.18146  2.89801  2.37887  2.77519  2.98518  4.58477  3.61503
          0.02752  4.00252  4.72487  0.61958  0.77255  0.48576  0.95510
     66   2.91154  4.41992  4.30389  3.97258  3.64787  3.85674  4.75269  2.05195  3.84234  2.31333  3.59478  4.14109  4.41113  4.19348  4.04207  3.36967  3.27064  0.87557  5.45376  4.19278     96 v - - -
          2.68618  4.42225  2.77519  2.73123  3.46354  2.40513  3.72494  3.29354  2.67741  2.69355  4.24690  2.90347  2.73739  3.18146  2.89801  2.37887  2.77519  2.98518  4.58477  3.61503
          0.02752  4.00252  4.72487  0.61958  0.77255  0.48576  0.95510
     67   2.09054  1.32138  4.10221  3.76661  3.87427  3.09987  4.46381  2.84358  3.59393  2.84844  3.87751  3.66315  3.84270  3.89493  3.76222  2.56967  2.78735  2.52368  5.41603  4.21042     97 c - - -
          2.68618  4.42225  2.77519  2.73123  3.46354  2.40513  3.72494  3.29354  2.67741  2.69355  4.24690  2.90347  2.73739  3.18146  2.89801  2.37887  2.77519  2.98518  4.58477  3.61503
          0.02752  4.00252  4.72487  0.61958  0.77255  0.48576  0.95510
     68   3.07168  5.11840  3.49796  2.85625  4.55681  3.66796  3.64574  3.91880  1.73706  3.38315  4.27492  3.24122  4.05523  2.79214  1.18278  3.08452  3.24794  3.61432  5.43199  4.27097     98 r - - -
          2.68618  4.42225  2.77519  2.73123  3.46354  2.40513  3.72494  3.29354  2.67741  2.69355  4.24690  2.90347  2.73739  3.18146  2.89801  2.37887  2.77519  2.98518  4.58477  3.61503
          0.02752  4.00252  4.72487  0.61958  0.77255  0.48576  0.95510
     69   3.09732  4.45732  4.68219  4.21932  3.47505  4.34078  4.93187  1.03535  4.06670  1.97238  3.31510  4.44109  4.69585  4.35824  4.26218  3.74974  3.37837  1.62893  5.45441  4.23188     99 i - - -
          2.68618  4.42225  2.77519  2.73123  3.46354  2.40513  3.72494  3.29354  2.67741  2.69355  4.24690  2.90347  2.73739  3.18146  2.89801  2.37887  2.77519  2.98518  4.58477  3.61503
          0.02752  4.00252  4.72487  0.61958  0.77255  0.48576  0.95510
     70   3.15582  4.57186  4.51615  3.96485  3.12293  4.31101  4.61526  2.07220  3.77493  1.48295  1.51134  4.25921  4.57541  4.01955  3.96508  3.64986  3.39163  2.23160  5.11125  3.96427    100 l - - -
          2.68618  4.42225  2.77519  2.73123  3.46354  2.40513  3.72494  3.29354  2.67741  2.69355  4.24690  2.90347  2.73739  3.18146  2.89801  2.37887  2.77519  2.98518  4.58477  3.61503
          0.02752  4.00252  4.72487  0.61958  0.77255  0.48576  0.95510
     71   2.95039  5.36749  1.04917  2.16930  4.69183  3.21166  3.84478  4.28338  2.91025  3.83652  4.72698  2.53264  3.86717  3.03867  3.49472  2.86370  3.27527  3.86023  5.92914  4.44055    101 d - - -
          2.68618  4.42225  2.77519  2.73123  3.46354  2.40513  3.72494  3.29354  2.67741  2.69355  4.24690  2.90347  2.73739  3.18146  2.89801  2.37887  2.77519  2.98518  4.58477  3.61503
          0.02752  4.00252  4.72487  0.61958  0.77255  0.48576  0.95510
     72   3.43940  4.87556  4.03224  3.78742  2.30828  3.98319  3.68611  3.43095  3.64127  2.85094  4.09277  3.88667  4.45469  3.91586  3.79770  3.56258  3.72710  3.30784  3.95653  0.77419    102 y - - -
          2.68618  4.42225  2.77519  2.73123  3.46354  2.40513  3.72494  3.29354  2.67741  2.69355  4.24690  2.90347  2.73739  3.18146  2.89801  2.37887  2.77519  2.98518  4.58477  3.61503
          0.02752  4.00252  4.72487  0.61958  0.77255  0.48576  0.95510
     73   2.67842  4.61567  2.71173  2.85144  4.48880  0.88570  4.20658  4.02491  3.23306  3.67775  4.57701  3.24878  3.87945  3.48660  3.60271  2.79425  3.12182  3.54759  5.68017  4.50581    103 g - - -
          2.68618  4.42225  2.77519  2.73123  3.46354  2.40513  3.72494  3.29354  2.67741  2.69355  4.24690  2.90347  2.73739  3.18146  2.89801  2.37887  2.77519  2.98518  4.58477  3.61503
          0.02752  4.00252  4.72487  0.61958  0.77255  0.48576  0.95510
     74   3.09442  5.05981  3.27882  2.87804  4.47603  3.56805  3.83675  3.91385  0.87327  3.45140  4.40742  3.29619  4.06051  3.02200  2.46382  3.12881  3.33880  3.61487  5.47845  4.31065    104 k - - -
          2.68618  4.42225  2.77519  2.73123  3.46354  2.40513  3.72494  3.29354  2.67741  2.69355  4.24690  2.90347  2.73739  3.18146  2.89801  2.37887  2.77519  2.98518  4.58477  3.61503
          0.02752  4.00252  4.72487  0.61958  0.77255  0.48576  0.95510
     75   3.55052  4.82373  4.53001  4.16263  1.49374  4.32198  2.83595  3.40530  4.01573  2.79600  3.97790  3.97854  4.62850  4.01827  4.08879  3.65907  3.76484  3.27289  3.27598  1.13443    105 y - - -
          2.68618  4.42225  2.77519  2.73123  3.46354  2.40513  3.72494  3.29354  2.67741  2.69355  4.24690  2.90347  2.73739  3.18146  2.89801  2.37887  2.77519  2.98518  4.58477  3.61503
          0.02752  4.00252  4.72487  0.61958  0.77255  0.48576  0.95510
     76   2.97170  5.11968  3.18165  2.67080  4.48799  3.58112  3.63158  3.88236  1.19457  3.28347  4.23598  3.11299  3.98975  2.54176  2.22042  2.96769  3.16526  3.56480  5.45075  4.22358    106 k - - -
          2.68618  4.42225  2.77519  2.73123  3.46354  2.40513  3.72494  3.29354  2.67741  2.69355  4.24690  2.90347  2.73739  3.18146  2.89801  2.37887  2.77519  2.98518  4.58477  3.61503
          0.02752  4.00252  4.72487  0.61958  0.77255  0.48576  0.95510
     77   3.54541  4.81890  4.55494  4.21985  1.03913  4.33020  3.50786  3.20506  4.07102  2.54366  3.81325  4.04274  4.64744  4.07879  4.12909  3.69916  3.77220  3.14186  3.66306  1.58022    107 f - - -
          2.68618  4.42225  2.77519  2.73123  3.46354  2.40513  3.72494  3.29354  2.67741  2.69355  4.24690  2.90347  2.73739  3.18146  2.89801  2.37887  2.77519  2.98518  4.58477  3.61503
          0.02752  4.00252  4.72487  0.61958  0.77255  0.48576  0.95510
     78   2.89941  5.27098  2.39907  1.25150  4.55338  3.31362  3.73547  4.03443  2.54054  3.55700  4.42826  2.81385  3.87545  2.52108  2.97308  2.83659  3.16589  3.66808  5.71801  4.31846    108 e - - -
          2.68618  4.42225  2.77519  2.73123  3.46354  2.40513  3.72494  3.29354  2.67741  2.69355  4.24690  2.90347  2.73739  3.18146  2.89801  2.37887  2.77519  2.98518  4.58477  3.61503
          0.02752  4.00252  4.72487  0.61958  0.77255  0.48576  0.95510
     79   2.77246  4.94536  2.87693  2.50111  4.28033  3.41430  3.67383  3.72359  2.22120  3.22045  4.13062  2.98937  3.88619  1.58691  2.57069  2.57212  3.02084  3.38594  5.43697  4.12843    109 q - - -
          2.68618  4.42225  2.77519  2.73123  3.46354  2.40513  3.72494  3.29354  2.67741  2.69355  4.24690  2.90347  2.73739  3.18146  2.89801  2.37887  2.77519  2.98518  4.58477  3.61503
          0.02752  4.00252  4.72487  0.61958  0.77255  0.48576  0.95510
     80   2.78189  5.20140  2.34462  1.42435  4.50605  3.30776  3.66951  3.96917  2.45709  3.49330  4.30636  2.78858  3.82415  2.81330  2.71448  2.64153  3.03560  3.58043  5.66162  4.25401    110 e - - -
          2.68618  4.42225  2.77519  2.73123  3.46354  2.40513  3.72494  3.29354  2.67741  2.69355  4.24690  2.90347  2.73739  3.18146  2.89801  2.37887  2.77519  2.98518  4.58477  3.61503
          0.02752  4.00252  4.72487  0.61958  0.77255  0.48576  0.95510
     81   3.02816  5.09593  3.28180  2.77966  4.51217  3.59246  3.69001  3.91071  1.04488  3.40147  4.30338  3.19598  4.02680  2.84513  2.17115  3.04047  3.23552  3.59804  5.45978  4.26489    111 k - - -
          2.68618  4.42225  2.77519  2.73123  3.46354  2.40513  3.72494  3.29354  2.67741  2.69355  4.24690  2.90347  2.73739  3.18146  2.89801  2.37887  2.77519  2.98518  4.58477  3.61503
          0.02752  4.00252  4.72487  0.61958  0.77255  0.48576  0.95510
     82   3.04885  5.15588  3.42866  2.79256  4.60335  3.65535  3.62433  3.95922  1.17826  3.40845  4.28343  3.19728  4.03460  2.76208  1.81196  3.04637  3.22144  3.64167  5.45303  4.28094    112 k - - -
          2.68618  4.42225  2.77519  2.73123  3.46354  2.40513  3.72494  3.29354  2.67741  2.69355  4.24690  2.90347  2.73739  3.18146  2.89801  2.37887  2.77519  2.98518  4.58477  3.61503
          0.02752  4.00252  4.72487  0.61958  0.77255  0.48576  0.95510
     83   1.70467  4.48577  3.19205  2.63100  3.75466  3.41787  3.77378  2.93553  2.62377  2.72626  3.66907  3.13984  3.86999  2.76105  2.99910  2.70941  2.84007  2.67058  5.14179  3.87317    113 a - - -
          2.68618  4.42225  2.77519  2.73123  3.46354  2.40513  3.72494  3.29354  2.67741  2.69355  4.24690  2.90347  2.73739  3.18146  2.89801  2.37887  2.77519  2.98518  4.58477  3.61503
          0.02752  4.00252  4.72487  0.61958  0.77255  0.48576  0.95510
     84   2.97882  5.13730  3.34817  2.71639  4.57820  3.40555  3.60267  3.93344  1.45375  3.38846  4.23999  3.14259  3.99632  2.69434  1.60312  2.97237  3.15629  3.60312  5.45139  4.25737    114 k - - -
          2.68618  4.42225  2.77519  2.73123  3.46354  2.40513  3.72494  3.29354  2.67741  2.69355  4.24690  2.90347  2.73739  3.18146  2.89801  2.37887  2.77519  2.98518  4.58477  3.61503
          0.02752  4.00252  4.72487  0.61958  0.77255  0.48576  0.95510
     85   2.77993  5.26760  2.35742  1.33636  4.56657  3.30221  3.69807  4.02609  2.44296  3.55023  4.38302  2.78000  3.84605  2.60739  2.98356  2.78126  3.10534  3.64330  5.71927  4.30823    115 e - - -
          2.68618  4.42225  2.77519  2.73123  3.46354  2.40513  3.72494  3.29354  2.67741  2.69355  4.24690  2.90347  2.73739  3.18146  2.89801  2.37887  2.77519  2.98518  4.58477  3.61503
          0.06869  4.00252  3.03414  0.61958  0.77255  0.48576  0.95510
     86   1.11676  4.20476  3.57381  3.26936  3.95247  3.10737  4.25178  2.85577  3.21515  2.89267  3.93161  3.42913  3.81715  3.56523  3.48677  2.56538  2.78347  2.66246  5.46375  4.21524    116 a - - -
          2.68618  4.42225  2.77519  2.73123  3.46354  2.40513  3.72494  3.29354  2.67741  2.69355  4.24690  2.90347  2.73739  3.18146  2.89801  2.37887  2.77519  2.98518  4.58477  3.61503
          0.02866  3.96249  4.68483  0.61958  0.77255  0.52577  0.89429
     87   3.03570  5.13932  3.44717  2.78593  4.58800  3.64943  3.60061  3.93714  1.37887  3.38454  4.25814  3.18647  4.02061  2.73730  1.55247  3.03374  3.20367  3.62152  5.42954  4.26208    117 k - - -
          2.68618  4.42225  2.77519  2.73123  3.46354  2.40513  3.72494  3.29354  2.67741  2.69355  4.24690  2.90347  2.73739  3.18146  2.89801  2.37887  2.77519  2.98518  4.58477  3.61503
          0.04599  3.96249  3.65221  0.61958  0.77255  0.52577  0.89429
     88   2.98475  5.03846  3.21280  2.74579  4.43821  3.54237  3.68435  3.84635  1.08873  3.35710  4.26866  3.16677  3.99269  2.84636  2.21807  3.00383  3.20404  3.53745  5.42646  4.22223    118 k - - -
          2.68618  4.42225  2.77519  2.73123  3.46354  2.40513  3.72494  3.29354  2.67741  2.69355  4.24690  2.90347  2.73739  3.18146  2.89801  2.37887  2.77519  2.98518  4.58477  3.61503
          0.02915  3.94565  4.66799  0.61958  0.77255  0.54167  0.87174
     89   2.98938  5.02698  3.19982  2.75644  4.42349  3.53177  3.70798  3.83981  1.06028  3.36083  4.28310  3.17814  3.99497  2.87559  2.27518  3.01267  3.21706  3.53336  5.42819  4.22406    119 k - - -
          2.68618  4.42225  2.77519  2.73123  3.46354  2.40513  3.72494  3.29354  2.67741  2.69355  4.24690  2.90347  2.73739  3.18146  2.89801  2.37887  2.77519  2.98518  4.58477  3.61503
          0.02915  3.94565  4.66799  0.61958  0.77255  0.47744  0.96856
     90   2.63578  4.76546  2.82155  2.51183  4.21967  3.27847  3.75563  3.70893  2.48977  3.29184  4.14744  2.98427  3.82741  1.82347  2.85657  1.94337  2.94885  3.33303  5.46238  4.12490    120 q - - -
          2.68618  4.42225  2.77519  2.73123  3.46354  2.40513  3.72494  3.29354  2.67741  2.69355  4.24690  2.90347  2.73739  3.18146  2.89801  2.37887  2.77519  2.98518  4.58477  3.61503
          0.02797  3.98635  4.70869  0.61958  0.77255  0.50231  0.92920
     91   2.46835  4.71584  2.99696  2.71224  3.64317  3.37045  1.48857  3.54200  2.60961  3.13840  4.08597  3.14027  3.92502  3.09631  2.92231  2.82281  3.05709  3.23642  5.07267  3.61161    121 h - - -
          2.68618  4.42225  2.77519  2.73123  3.46354  2.40513  3.72494  3.29354  2.67741  2.69355  4.24690  2.90347  2.73739  3.18146  2.89801  2.37887  2.77519  2.98518  4.58477  3.61503
          0.02797  3.98635  4.70869  0.61958  0.77255  0.47555  0.97165
     92   2.62610  4.83541  2.91843  2.43381  4.15584  3.38298  3.63012  3.57365  2.35087  3.15364  3.96929  2.71857  3.62627  2.28952  2.59683  2.59680  2.18722  3.23116  5.36539  4.04077    122 t - - -
          2.68618  4.42225  2.77519  2.73123  3.46354  2.40513  3.72494  3.29354  2.67741  2.69355  4.24690  2.90347  2.73739  3.18146  2.89801  2.37887  2.77519  2.98518  4.58477  3.61503
          0.02752  4.00252  4.72487  0.61958  0.77255  0.48576  0.95510
     93   1.55622  4.16490  3.56137  3.15310  4.03382  3.04827  4.13873  3.26450  3.11624  3.08291  3.95864  3.33668  3.74077  3.42496  3.43101  2.30718  1.80023  2.72144  5.43230  4.21839    123 a - - -
          2.68618  4.42225  2.77519  2.73123  3.46354  2.40513  3.72494  3.29354  2.67741  2.69355  4.24690  2.90347  2.73739  3.18146  2.89801  2.37887  2.77519  2.98518  4.58477  3.61503
          0.02752  4.00252  4.72487  0.61958  0.77255  0.48576  0.95510
     94   2.79657  5.27538  1.74996  1.65715  4.58423  3.23868  3.69480  4.06340  2.60516  3.58680  4.39904  2.73949  3.81329  2.84175  3.14773  2.51644  3.06442  3.43864  5.76039  4.31027    124 e - - -
          2.68618  4.42225  2.77519  2.73123  3.46354  2.40513  3.72494  3.29354  2.67741  2.69355  4.24690  2.90347  2.73739  3.18146  2.89801  2.37887  2.77519  2.98518  4.58477  3.61503
          0.02752  4.00252  4.72487  0.61958  0.77255  0.48576  0.95510
     95   3.04353  4.42285  4.59081  4.09409  3.49645  4.28330  4.82356  1.77431  3.94335  1.93934  3.35108  4.33603  4.63826  4.24714  4.16182  3.66439  3.31874  1.02347  5.41735  4.17993    125 v - - -
          2.68618  4.42225  2.77519  2.73123  3.46354  2.40513  3.72494  3.29354  2.67741  2.69355  4.24690  2.90347  2.73739  3.18146  2.89801  2.37887  2.77519  2.98518  4.58477  3.61503
          0.02752  4.00252  4.72487  0.61958  0.77255  0.48576  0.95510
     96   3.09442  5.05981  3.27882  2.87804  4.47603  3.56805  3.83675  3.91385  0.87327  3.45140  4.40742  3.29619  4.06051  3.02200  2.46382  3.12881  3.33880  3.61487  5.47845  4.31065    126 k - - -
          2.68618  4.42225  2.77519  2.73123  3.46354  2.40513  3.72494  3.29354  2.67741  2.69355  4.24690  2.90347  2.73739  3.18146  2.89801  2.37887  2.77519  2.98518  4.58477  3.61503
          0.02752  4.00252  4.72487  0.61958  0.77255  0.48576  0.95510
     97   3.06895  5.20178  2.54919  0.85370  4.56504  3.36135  3.96154  4.04500  2.85879  3.64196  4.61194  3.01338  3.97262  3.17556  3.27987  3.03913  3.37473  3.71605  5.71214  4.43643    127 e - - -
          2.68618  4.42225  2.77519  2.73123  3.46354  2.40513  3.72494  3.29354  2.67741  2.69355  4.24690  2.90347  2.73739  3.18146  2.89801  2.37887  2.77519  2.98518  4.58477  3.61503
          0.02752  4.00252  4.72487  0.61958  0.77255  0.48576  0.95510
     98   2.91154  4.41992  4.30389  3.97258  3.64787  3.85674  4.75269  2.05195  3.84234  2.31333  3.59478  4.14109  4.41113  4.19348  4.04207  3.36967  3.27064  0.87557  5.45376  4.19278    128 v - - -
          2.68618  4.42225  2.77519  2.73123  3.46354  2.40513  3.72494  3.29354  2.67741  2.69355  4.24690  2.90347  2.73739  3.18146  2.89801  2.37887  2.77519  2.98518  4.58477  3.61503
          0.02752  4.00252  4.72487  0.61958  0.77255  0.48576  0.95510
     99   3.03355  5.12391  3.34707  2.77955  4.55331  3.62295  3.65187  3.92960  1.09667  3.39982  4.28558  3.19114  4.02819  2.79744  2.02634  3.03819  3.22252  3.61433  5.45432  4.26937    129 k - - -
          2.68618  4.42225  2.77519  2.73123  3.46354  2.40513  3.72494  3.29354  2.67741  2.69355  4.24690  2.90347  2.73739  3.18146  2.89801  2.37887  2.77519  2.98518  4.58477  3.61503
          0.02752  4.00252  4.72487  0.61958  0.77255  0.48576  0.95510
    100   3.15019  4.58948  4.44887  3.91516  2.96572  4.25989  4.53100  2.25587  3.73538  1.48470  1.45934  4.20419  4.54406  3.97778  3.92966  3.60455  3.39101  2.32864  5.01615  3.79547    130 m - - -
          2.68618  4.42225  2.77519  2.73123  3.46354  2.40513  3.72494  3.29354  2.67741  2.69355  4.24690  2.90347  2.73739  3.18146  2.89801  2.37887  2.77519  2.98518  4.58477  3.61503
          0.02752  4.00252  4.72487  0.61958  0.77255  0.48576  0.95510
    101   2.89332  4.87520  3.42776  2.90320  4.30148  3.51214  3.75265  3.77759  2.12639  3.31813  4.23828  3.26606  4.00067  2.93486  1.12048  2.81072  3.16195  3.45477  5.38746  4.15807    131 r - - -
          2.68618  4.42225  2.77519  2.73123  3.46354  2.40513  3.72494  3.29354  2.67741  2.69355  4.24690  2.90347  2.73739  3.18146  2.89801  2.37887  2.77519  2.98518  4.58477  3.61503
          0.02752  4.00252  4.72487  0.61958  0.77255  0.48576  0.95510
    102   2.93783  4.61772  3.56088  3.21954  2.69045  3.66464  3.73761  3.22570  3.13172  2.78817  3.85202  3.51036  3.26272  3.47963  3.39818  3.09506  3.22995  3.02396  4.29731  1.18459    132 y - - -
          2.68618  4.42225  2.77519  2.73123  3.46354  2.40513  3.72494  3.29354  2.67741  2.69355  4.24690  2.90347  2.73739  3.18146  2.89801  2.37887  2.77519  2.98518  4.58477  3.61503
          0.02752  4.00252  4.72487  0.61958  0.77255  0.48576  0.95510
    103   2.79724  4.99777  2.97883  2.53200  4.39221  3.45358  3.64489  3.73152  1.40024  3.32598  4.16459  2.61069  3.89808  2.78936  2.45660  2.80373  2.86983  3.44028  5.46282  4.18135    133 k - - -
          2.68618  4.42225  2.77519  2.73123  3.46354  2.40513  3.72494  3.29354  2.67741  2.69355  4.24690  2.90347  2.73739  3.18146  2.89801  2.37887  2.77519  2.98518  4.58477  3.61503
          0.02752  4.00252  4.72487  0.61958  0.77255  0.48576  0.95510
    104   3.09818  4.45368  4.69570  4.22810  3.48148  4.35233  4.94151  1.04237  4.07974  1.97583  3.31630  4.45029  4.70224  4.36717  4.27569  3.75846  3.37752  1.60504  5.46218  4.24364    134 i - - -
          2.68618  4.42225  2.77519  2.73123  3.46354  2.40513  3.72494  3.29354  2.67741  2.69355  4.24690  2.90347  2.73739  3.18146  2.89801  2.37887  2.77519  2.98518  4.58477  3.61503
          0.02752  4.00252  4.72487  0.61958  0.77255  0.48576  0.95510
    105   2.72104  5.36187  1.64979  1.73003  4.67395  2.68431  3.71650  4.17153  2.66576  3.67643  4.49489  2.71373  3.82013  2.84603  3.23165  2.69379  3.11654  3.74935  5.84551  4.37282    135 d - - -
          2.68618  4.42225  2.77519  2.73123  3.46354  2.40513  3.72494  3.29354  2.67741  2.69355  4.24690  2.90347  2.73739  3.18146  2.89801  2.37887  2.77519  2.98518  4.58477  3.61503
          0.02752  4.00252  4.72487  0.61958  0.77255  0.48576  0.95510
    106   2.70500  5.25511  2.15963  1.66071  4.55833  3.29415  3.64857  4.04120  2.35306  3.53976  4.33151  2.75781  3.80268  2.39453  3.00059  2.61743  2.98834  3.62748  5.69613  4.26233    136 e - - -
          2.68618  4.42225  2.77519  2.73123  3.46354  2.40513  3.72494  3.29354  2.67741  2.69355  4.24690  2.90347  2.73739  3.18146  2.89801  2.37887  2.77519  2.98518  4.58477  3.61503
          0.02752  4.00252  4.72487  0.61958  0.77255  0.48576  0.95510
    107   2.75618  4.75933  2.95019  2.68045  3.57847  3.37225  1.48723  3.64993  2.59794  3.22233  4.14589  3.11480  3.92820  3.08075  2.91525  2.52776  3.07172  3.32133  5.02109  3.51894    137 h - - -
          2.68618  4.42225  2.77519  2.73123  3.46354  2.40513  3.72494  3.29354  2.67741  2.69355  4.24690  2.90347  2.73739  3.18146  2.89801  2.37887  2.77519  2.98518  4.58477  3.61503
          0.02752  4.00252  4.72487  0.61958  0.77255  0.48576  0.95510
    108   3.13356  5.27659  0.74803  2.42443  4.67208  3.31300  4.05159  4.29076  3.16126  3.87658  4.85909  2.98673  3.97515  3.29207  3.69392  3.08234  3.47545  3.91662  5.81502  4.52553    138 d - - -
          2.68618  4.42225  2.77519  2.73123  3.46354  2.40513  3.72494  3.29354  2.67741  2.69355  4.24690  2.90347  2.73739  3.18146  2.89801  2.37887  2.77519  2.98518  4.58477  3.61503
          0.02752  4.00252  4.72487  0.61958  0.77255  0.48576  0.95510
    109   3.43940  4.87556  4.03224  3.78742  2.30828  3.98319  3.68611  3.43095  3.64127  2.85094  4.09277  3.88667  4.45469  3.91586  3.79770  3.56258  3.72710  3.30784  3.95653  0.77419    139 y - - -
          2.68618  4.42225  2.77519  2.73123  3.46354  2.40513  3.72494  3.29354  2.67741  2.69355  4.24690  2.90347  2.73739  3.18146  2.89801  2.37887  2.77519  2.98518  4.58477  3.61503
          0.02752  4.00252  4.72487  0.61958  0.77255  0.48576  0.95510
    110   2.62371  5.02975  2.40267  2.22951  4.32927  3.35079  3.50167  3.78726  2.30980  3.30275  3.62684  2.46015  3.77315  2.26035  2.80504  2.59915  2.85839  3.39731  5.48373  4.09633    140 e - - -
          2.68618  4.42225  2.77519  2.73123  3.46354  2.40513  3.72494  3.29354  2.67741  2.69355  4.24690  2.90347  2.73739  3.18146  2.89801  2.37887  2.77519  2.98518  4.58477  3.61503
          0.02752  4.00252  4.72487  0.61958  0.77255  0.48576  0.95510
    111   2.91154  4.41992  4.30389  3.97258  3.64787  3.85674  4.75269  2.05195  3.84234  2.31333  3.59478  4.14109  4.41113  4.19348  4.04207  3.36967  3.27064  0.87557  5.45376  4.19278    141 v - - -
          2.68618  4.42225  2.77519  2.73123  3.46354  2.40513  3.72494  3.29354  2.67741  2.69355  4.24690  2.90347  2.73739  3.18146  2.89801  2.37887  2.77519  2.98518  4.58477  3.61503
          0.02752  4.00252  4.72487  0.61958  0.77255  0.48576  0.95510
    112   2.91183  4.56738  3.60346  3.00211  4.17150  3.55433  3.79737  3.61906  2.19344  3.13062  4.15265  3.35010  4.02861  2.99413  1.06979  3.00285  3.17711  3.34165  5.32811  4.10490    142 r - - -
          2.68618  4.42225  2.77519  2.73123  3.46354  2.40513  3.72494  3.29354  2.67741  2.69355  4.24690  2.90347  2.73739  3.18146  2.89801  2.37887  2.77519  2.98518  4.58477  3.61503
          0.02752  4.00252  4.72487  0.61958  0.77255  0.48576  0.95510
    113   3.12006  4.42301  4.81928  4.29615  3.48269  4.48944  4.97775  1.31554  4.18466  1.82566  3.28475  4.52979  4.75906  4.42068  4.37386  3.85787  3.37137  1.29598  5.45829  4.27845    143 v - - -
          2.68618  4.42225  2.77519  2.73123  3.46354  2.40513  3.72494  3.29354  2.67741  2.69355  4.24690  2.90347  2.73739  3.18146  2.89801  2.37887  2.77519  2.98518  4.58477  3.61503
          0.02752  4.00252  4.72487  0.61958  0.77255  0.48576  0.95510
    114   2.58264  4.93106  2.79659  2.37575  4.28928  2.61143  3.63249  3.72296  2.14447  3.27500  4.07898  2.23643  3.80596  2.77117  2.61595  2.54820  2.89936  3.35257  5.46142  4.11484    144 k - - -
          2.68618  4.42225  2.77519  2.73123  3.46354  2.40513  3.72494  3.29354  2.67741  2.69355  4.24690  2.90347  2.73739  3.18146  2.89801  2.37887  2.77519  2.98518  4.58477  3.61503
          0.02752  4.00252  4.72487  0.61958  0.77255  0.48576  0.95510
    115   2.69129  5.04221  2.67453  2.34461  4.34276  3.38493  3.38049  3.78485  2.19405  3.27893  4.11638  2.76185  3.82006  1.84930  2.68195  2.59519  2.93287  3.41730  5.48095  4.12627    145 q - - -
          2.68618  4.42225  2.77519  2.73123  3.46354  2.40513  3.72494  3.29354  2.67741  2.69355  4.24690  2.90347  2.73739  3.18146  2.89801  2.37887  2.77519  2.98518  4.58477  3.61503
          0.02752  4.00252  4.72487  0.61958  0.77255  0.48576  0.95510
    116   1.03681  4.14402  3.52534  3.26494  4.21593  2.96828  4.28618  3.40700  3.27597  3.26653  4.16325  3.37194  3.72418  3.58748  3.54804  2.33166  2.55321  2.96143  5.61878  4.41054    146 a - - -
          2.68618  4.42225  2.77519  2.73123  3.46354  2.40513  3.72494  3.29354  2.67741  2.69355  4.24690  2.90347  2.73739  3.18146  2.89801  2.37887  2.77519  2.98518  4.58477  3.61503
          0.02752  4.00252  4.72487  0.61958  0.77255  0.48576  0.95510
    117   2.58753  4.83092  2.88119  2.12800  4.08681  3.39233  3.59495  3.11758  2.21298  3.07994  3.90063  2.91141  3.78859  2.47109  2.81053  2.51482  2.67122  3.02390  5.32032  3.97831    147 e - - -
          2.68618  4.42225  2.77519  2.73123  3.46354  2.40513  3.72494  3.29354  2.67741  2.69355  4.24690  2.90347  2.73739  3.18146  2.89801  2.37887  2.77519  2.98518  4.58477  3.61503
          0.02752  4.00252  4.72487  0.61958  0.77255  0.48576  0.95510
    118   2.63867  4.97998  3.27406  2.70420  4.39290  3.50579  3.63914  3.75409  1.94884  3.27740  4.13789  3.13287  3.96517  2.72498  1.39070  2.91040  3.09309  3.43542  5.40409  4.18938    148 r - - -
          2.68618  4.42225  2.77519  2.73123  3.46354  2.40513  3.72494  3.29354  2.67741  2.69355  4.24690  2.90347  2.73739  3.18146  2.89801  2.37887  2.77519  2.98518  4.58477  3.61503
          0.02752  4.00252  4.72487  0.61958  0.77255  0.48576  0.95510
    119   3.50166  4.77710  4.61864  4.25941  0.95188  4.30991  3.57160  3.11656  4.07542  2.41504  3.70066  4.08378  4.63025  4.09893  4.12199  3.69787  3.73084  3.08131  3.02714  2.02489    149 f - - -
          2.68618  4.42225  2.77519  2.73123  3.46354  2.40513  3.72494  3.29354  2.67741  2.69355  4.24690  2.90347  2.73739  3.18146  2.89801  2.37887  2.77519  2.98518  4.58477  3.61503
          0.02752  4.00252  4.72487  0.61958  0.77255  0.48576  0.95510
    120   3.25506  4.68051  4.50937  4.06477  3.09455  4.29639  4.66399  2.19607  3.80994  0.83109  3.02580  4.32863  4.62658  4.11571  3.97637  3.73129  3.52288  2.31035  5.09886  3.84885    150 l - - -
          2.68618  4.42225  2.77519  2.73123  3.46354  2.40513  3.72494  3.29354  2.67741  2.69355  4.24690  2.90347  2.73739  3.18146  2.89801  2.37887  2.77519  2.98518  4.58477  3.61503
          0.02752  4.00252  4.72487  0.61958  0.77255  0.48576  0.95510
    121   2.87869  5.15264  2.84796  2.27839  4.52516  3.30971  3.63230  3.92750  1.35375  3.41933  4.25443  2.93547  3.91314  2.67237  2.43880  2.85075  3.09374  3.57404  5.53208  4.24669    151 k - - -
          2.68618  4.42225  2.77519  2.73123  3.46354  2.40513  3.72494  3.29354  2.67741  2.69355  4.24690  2.90347  2.73739  3.18146  2.89801  2.37887  2.77519  2.98518  4.58477  3.61503
          0.02752  4.00252  4.72487  0.61958  0.77255  0.48576  0.95510
    122   2.16250  4.85512  2.36114  2.34987  4.21987  3.15162  3.61498  3.65739  2.46435  3.23258  4.03529  2.88117  3.77993  2.79488  2.74264  2.16963  2.85741  3.27308  5.44503  4.08530    152 a - - -
          2.68618  4.42225  2.77519  2.73123  3.46354  2.40513  3.72494  3.29354  2.67741  2.69355  4.24690  2.90347  2.73739  3.18146  2.89801  2.37887  2.77519  2.98518  4.58477  3.61503
          0.02752  4.00252  4.72487  0.61958  0.77255  0.48576  0.95510
    123   2.83393  4.59490  3.53421  3.45093  4.58787  0.55394  4.56185  4.22048  3.64979  3.85789  4.83578  3.69872  3.99014  3.96379  3.87019  3.00982  3.32530  3.72372  5.64723  4.69467    153 G - - -
          2.68618  4.42225  2.77519  2.73123  3.46354  2.40513  3.72494  3.29354  2.67741  2.69355  4.24690  2.90347  2.73739  3.18146  2.89801  2.37887  2.77519  2.98518  4.58477  3.61503
          0.02752  4.00252  4.72487  0.61958  0.77255  0.48576  0.95510
    124   3.13356  5.27659  0.74803  2.42443  4.67208  3.31300  4.05159  4.29076  3.16126  3.87658  4.85909  2.98673  3.97515  3.29207  3.69392  3.08234  3.47545  3.91662  5.81502  4.52553    154 d - - -
          2.68618  4.42225  2.77519  2.73123  3.46354  2.40513  3.72494  3.29354  2.67741  2.69355  4.24690  2.90347  2.73739  3.18146  2.89801  2.37887  2.77519  2.98518  4.58477  3.61503
          0.02752  4.00252  4.72487  0.61958  0.77255  0.48576  0.95510
    125   2.83999  4.94854  3.05535  2.65414  4.41432  3.44532  3.71208  3.82020  1.20260  3.37538  4.25027  3.09505  3.93782  2.87383  2.43961  2.59605  3.10263  3.47270  5.48177  4.22295    155 k - - -
          2.68618  4.42225  2.77519  2.73123  3.46354  2.40513  3.72494  3.29354  2.67741  2.69355  4.24690  2.90347  2.73739  3.18146  2.89801  2.37887  2.77519  2.98518  4.58477  3.61503
          0.02752  4.00252  4.72487  0.61958  0.77255  0.48576  0.95510
    126   2.91154  4.41992  4.30389  3.97258  3.64787  3.85674  4.75269  2.05195  3.84234  2.31333  3.59478  4.14109  4.41113  4.19348  4.04207  3.36967  3.27064  0.87557  5.45376  4.19278    156 v - - -
          2.68618  4.42225  2.77519  2.73123  3.46354  2.40513  3.72494  3.29354  2.67741  2.69355  4.24690  2.90347  2.73739  3.18146  2.89801  2.37887  2.77519  2.98518  4.58477  3.61503
          0.02752  4.00252  4.72487  0.61958  0.77255  0.48576  0.95510
    127   3.09442  5.05981  3.27882  2.87804  4.47603  3.56805  3.83675  3.91385  0.87327  3.45140  4.40742  3.29619  4.06051  3.02200  2.46382  3.12881  3.33880  3.61487  5.47845  4.31065    157 k - - -
          2.68618  4.42225  2.77519  2.73123  3.46354  2.40513  3.72494  3.29354  2.67741  2.69355  4.24690  2.90347  2.73739  3.18146  2.89801  2.37887  2.77519  2.98518  4.58477  3.61503
          0.02752  4.00252  4.72487  0.61958  0.77255  0.48576  0.95510
    128   1.66964  2.60462  3.87038  3.36039  3.07524  3.34461  4.10675  2.63780  3.27101  2.51700  3.47574  3.53851  3.91271  3.53654  3.52432  2.71344  2.68074  2.39238  5.00418  3.79113    158 a - - -
          2.68618  4.42225  2.77519  2.73123  3.46354  2.40513  3.72494  3.29354  2.67741  2.69355  4.24690  2.90347  2.73739  3.18146  2.89801  2.37887  2.77519  2.98518  4.58477  3.61503
          0.02752  4.00252  4.72487  0.61958  0.77255  0.48576  0.95510
    129   2.54353  4.48508  3.12618  2.81234  4.00555  3.24926  3.93523  3.33658  2.73125  3.02947  3.97460  3.18828  3.85368  2.80276  3.04852  2.68135  1.37502  3.02089  5.37621  4.09844    159 t - - -
          2.68618  4.42225  2.77519  2.73123  3.46354  2.40513  3.72494  3.29354  2.67741  2.69355  4.24690  2.90347  2.73739  3.18146  2.89801  2.37887  2.77519  2.98518  4.58477  3.61503
          0.02752  4.00252  4.72487  0.61958  0.77255  0.48576  0.95510
    130   3.07721  4.40775  4.74823  4.25626  3.56672  4.39720  4.98240  1.43136  4.14054  2.08062  3.37988  4.47884  4.72628  4.41476  4.34603  3.78630  3.34783  1.08728  5.52195  4.30980    160 v - - -
          2.68618  4.42225  2.77519  2.73123  3.46354  2.40513  3.72494  3.29354  2.67741  2.69355  4.24690  2.90347  2.73739  3.18146  2.89801  2.37887  2.77519  2.98518  4.58477  3.61503
          0.02752  4.00252  4.72487  0.61958  0.77255  0.48576  0.95510
    131   2.56364  4.19926  3.59776  3.02617  3.29650  3.57728  3.85082  2.23121  2.93354  2.34030  2.62114  3.25119  3.95696  3.23943  3.00787  2.78011  2.48971  2.42054  4.80325  3.58426    161 i - - -
          2.68618  4.42225  2.77519  2.73123  3.46354  2.40513  3.72494  3.29354  2.67741  2.69355  4.24690  2.90347  2.73739  3.18146  2.89801  2.37887  2.77519  2.98518  4.58477  3.61503
          0.02752  4.00252  4.72487  0.61958  0.77255  0.48576  0.95510
    132   3.33268  4.69663  4.54698  4.13419  1.18213  4.28748  3.98602  2.57250  3.97882  1.70127  3.27040  4.18748  4.60913  4.10228  4.09494  3.68251  3.58193  2.61728  4.20933  2.59091    162 f - - -
          2.68618  4.42225  2.77519  2.73123  3.46354  2.40513  3.72494  3.29354  2.67741  2.69355  4.24690  2.90347  2.73739  3.18146  2.89801  2.37887  2.77519  2.98518  4.58477  3.61503
          0.02752  4.00252  4.72487  0.61958  0.77255  0.48576  0.95510
    133   3.06094  5.07345  3.49018  2.88251  4.49527  3.64733  3.67763  3.88344  1.86290  3.36603  4.27274  3.26200  4.05677  2.83370  1.11313  3.08738  3.25385  3.58337  5.42024  4.25222    163 r - - -
          2.68618  4.42225  2.77519  2.73123  3.46354  2.40513  3.72494  3.29354  2.67741  2.69355  4.24690  2.90347  2.73739  3.18146  2.89801  2.37887  2.77519  2.98518  4.58477  3.61503
          0.02752  4.00252  4.72487  0.61958  0.77255  0.48576  0.95510
    134   2.83393  4.59490  3.53421  3.45093  4.58787  0.55394  4.56185  4.22048  3.64979  3.85789  4.83578  3.69872  3.99014  3.96379  3.87019  3.00982  3.32530  3.72372  5.64723  4.69467    164 G - - -
          2.68618  4.42225  2.77519  2.73123  3.46354  2.40513  3.72494  3.29354  2.67741  2.69355  4.24690  2.90347  2.73739  3.18146  2.89801  2.37887  2.77519  2.98518  4.58477  3.61503
          0.02752  4.00252  4.72487  0.61958  0.77255  0.48576  0.95510
    135   3.08044  4.96098  3.61179  3.06822  4.28666  3.60979  3.84703  3.81296  2.20777  3.26153  4.31087  3.41916  4.08928  3.05038  0.90769  3.15451  3.33093  3.53974  5.36866  4.18465    165 r - - -
          2.68618  4.42225  2.77519  2.73123  3.46354  2.40513  3.72494  3.29354  2.67741  2.69355  4.24690  2.90347  2.73739  3.18146  2.89801  2.37887  2.77519  2.98518  4.58477  3.61503
          0.02752  4.00252  4.72487  0.61958  0.77255  0.48576  0.95510
    136   3.06895  5.20178  2.54919  0.85370  4.56504  3.36135  3.96154  4.04500  2.85879  3.64196  4.61194  3.01338  3.97262  3.17556  3.27987  3.03913  3.37473  3.71605  5.71214  4.43643    166 e - - -
          2.68618  4.42225  2.77519  2.73123  3.46354  2.40513  3.72494  3.29354  2.67741  2.69355  4.24690  2.90347  2.73739  3.18146  2.89801  2.37887  2.77519  2.98518  4.58477  3.61503
          0.02752  4.00252  4.72487  0.61958  0.77255  0.48576  0.95510
    137   2.56868  4.28980  3.64321  3.17043  3.33831  3.62182  3.42284  1.53763  3.00718  2.39488  3.41174  3.49735  4.05623  3.38636  3.27273  2.90756  2.92897  2.34715  4.88206  3.59161    167 i - - -
          2.68618  4.42225  2.77519  2.73123  3.46354  2.40513  3.72494  3.29354  2.67741  2.69355  4.24690  2.90347  2.73739  3.18146  2.89801  2.37887  2.77519  2.98518  4.58477  3.61503
          0.02752  4.00252  4.72487  0.61958  0.77255  0.48576  0.95510
    138   2.98936  4.97566  2.99423  2.75260  4.16111  3.45521  3.91150  3.81335  2.56475  3.30262  4.32838  3.21289  4.01153  1.01943  2.84571  3.03234  3.28696  3.53540  5.41080  4.11377    168 q - - -
          2.68618  4.42225  2.77519  2.73123  3.46354  2.40513  3.72494  3.29354  2.67741  2.69355  4.24690  2.90347  2.73739  3.18146  2.89801  2.37887  2.77519  2.98518  4.58477  3.61503
          0.02752  4.00252  4.72487  0.61958  0.77255  0.48576  0.95510
    139   3.14601  4.93770  3.26087  3.03545  3.38218  3.56294  0.89534  3.86902  2.87524  3.34597  4.40030  3.43889  4.12343  3.40382  3.13236  3.21597  3.45444  3.60175  4.84520  3.32971    169 h - - -
          2.68618  4.42225  2.77519  2.73123  3.46354  2.40513  3.72494  3.29354  2.67741  2.69355  4.24690  2.90347  2.73739  3.18146  2.89801  2.37887  2.77519  2.98518  4.58477  3.61503
          0.02752  4.00252  4.72487  0.61958  0.77255  0.48576  0.95510
    140   2.24115  4.41926  3.24121  2.71600  3.84381  3.29828  3.79178  3.08054  2.65878  2.89109  3.74745  3.12874  3.80270  3.01444  2.81106  2.00224  2.25864  2.80604  5.19912  3.93215    170 s - - -
          2.68618  4.42225  2.77519  2.73123  3.46354  2.40513  3.72494  3.29354  2.67741  2.69355  4.24690  2.90347  2.73739  3.18146  2.89801  2.37887  2.77519  2.98518  4.58477  3.61503
          0.02752  4.00252  4.72487  0.61958  0.77255  0.48576  0.95510
    141   2.30832  5.16384  1.92137  2.16589  4.45812  3.29561  3.25634  3.93192  2.50971  3.45846  4.25720  2.30186  3.79921  2.79155  3.00413  2.67922  2.98235  3.53691  5.63550  4.21508    171 d - - -
          2.68618  4.42225  2.77519  2.73123  3.46354  2.40513  3.72494  3.29354  2.67741  2.69355  4.24690  2.90347  2.73739  3.18146  2.89801  2.37887  2.77519  2.98518  4.58477  3.61503
          0.02752  4.00252  4.72487  0.61958  0.77255  0.48576  0.95510
    142   2.92008  4.51054  3.95429  3.40396  3.24081  3.89092  4.13955  2.50576  3.02202  1.16147  3.10547  3.73348  4.25697  3.50148  2.90211  3.22803  3.16319  2.48444  4.98223  3.74064    172 l - - -
          2.68618  4.42225  2.77519  2.73123  3.46354  2.40513  3.72494  3.29354  2.67741  2.69355  4.24690  2.90347  2.73739  3.18146  2.89801  2.37887  2.77519  2.98518  4.58477  3.61503
          0.02752  4.00252  4.72487  0.61958  0.77255  0.48576  0.95510
    143   0.92741  4.19268  3.49160  3.27843  4.27376  2.74833  4.32655  3.53792  3.33541  3.36116  4.26252  3.39943  3.74918  3.64066  3.60088  2.48698  2.79087  3.07175  5.63930  4.45196    173 a - - -
          2.68618  4.42225  2.77519  2.73123  3.46354  2.40513  3.72494  3.29354  2.67741  2.69355  4.24690  2.90347  2.73739  3.18146  2.89801  2.37887  2.77519  2.98518  4.58477  3.61503
          0.02752  4.00252  4.72487  0.61958  0.77255  0.48576  0.95510
    144   2.68570  5.00039  2.78828  1.67449  4.29146  3.38924  3.57422  3.72343  2.22279  3.26793  3.98608  2.88622  3.81777  2.60052  2.68829  2.67414  2.72620  3.36580  5.44972  3.99925    174 e - - -
          2.68618  4.42225  2.77519  2.73123  3.46354  2.40513  3.72494  3.29354  2.67741  2.69355  4.24690  2.90347  2.73739  3.18146  2.89801  2.37887  2.77519  2.98518  4.58477  3.61503
          0.02752  4.00252  4.72487  0.61958  0.77255  0.48576  0.95510
    145   2.55811  4.95048  2.38610  2.12237  4.23087  3.35516  3.56945  3.65742  2.32792  3.22964  4.01931  2.83010  3.77669  2.63245  2.86279  2.53691  2.47883  3.00196  5.42838  4.05494    175 e - - -
          2.68618  4.42225  2.77519  2.73123  3.46354  2.40513  3.72494  3.29354  2.67741  2.69355  4.24690  2.90347  2.73739  3.18146  2.89801  2.37887  2.77519  2.98518  4.58477  3.61503
          0.02752  4.00252  4.72487  0.61958  0.77255  0.48576  0.95510
    146   3.00962  4.56486  4.06192  3.59713  3.19175  3.94983  4.29935  2.44485  3.26082  1.00117  3.17805  3.89358  4.35194  3.70542  3.24721  3.34982  3.28055  2.43344  5.01407  3.74194    176 l - - -
          2.68618  4.42225  2.77519  2.73123  3.46354  2.40513  3.72494  3.29354  2.67741  2.69355  4.24690  2.90347  2.73739  3.18146  2.89801  2.37887  2.77519  2.98518  4.58477  3.61503
          0.02752  4.00252  4.72487  0.61958  0.77255  0.48576  0.95510
    147   3.30345  4.72808  4.39782  4.03985  3.18934  4.14629  4.65489  2.40218  3.80631  0.73022  3.17453  4.30266  4.56031  4.14344  3.96046  3.73467  3.59237  2.47298  5.11417  3.86699    177 l - - -
          2.68618  4.42225  2.77519  2.73123  3.46354  2.40513  3.72494  3.29354  2.67741  2.69355  4.24690  2.90347  2.73739  3.18146  2.89801  2.37887  2.77519  2.98518  4.58477  3.61503
          0.02752  4.00252  4.72487  0.61958  0.77255  0.48576  0.95510
    148   2.56478  4.85824  2.89991  2.33391  4.05785  3.39756  3.54340  3.55038  2.05683  2.98849  3.44129  2.67527  3.78740  2.65855  2.51950  2.56228  2.80269  3.20637  5.33548  3.93473    178 k - - -
          2.68618  4.42225  2.77519  2.73123  3.46354  2.40513  3.72494  3.29354  2.67741  2.69355  4.24690  2.90347  2.73739  3.18146  2.89801  2.37887  2.77519  2.98518  4.58477  3.61503
          0.02752  4.00252  4.72487  0.61958  0.77255  0.48576  0.95510
    149   3.04223  5.13521  3.41215  2.78661  4.55356  3.65756  3.61838  3.91401  1.82254  3.37089  4.24688  3.19102  4.03402  2.53691  1.24889  3.04444  3.21252  3.60463  5.43292  4.25589    179 r - - -
          2.68618  4.42225  2.77519  2.73123  3.46354  2.40513  3.72494  3.29354  2.67741  2.69355  4.24690  2.90347  2.73739  3.18146  2.89801  2.37887  2.77519  2.98518  4.58477  3.61503
          0.02752  4.00252  4.72487  0.61958  0.77255  0.48576  0.95510
    150   3.09363  4.53249  4.45068  3.90539  3.15700  4.22744  4.57701  2.18230  3.72713  1.51967  1.56403  4.19366  4.52460  3.97958  3.92653  3.56814  3.33918  2.06488  5.11620  3.96763    180 l - - -
          2.68618  4.42225  2.77519  2.73123  3.46354  2.40513  3.72494  3.29354  2.67741  2.69355  4.24690  2.90347  2.73739  3.18146  2.89801  2.37887  2.77519  2.98518  4.58477  3.61503
          0.02752  4.00252  4.72487  0.61958  0.77255  0.48576  0.95510
    151   1.41500  4.25701  3.58169  3.11545  3.51891  3.32843  4.05525  2.51824  3.05392  2.66364  3.64741  3.40242  3.90239  3.37753  3.37486  2.58372  2.82600  2.49882  5.17234  3.91474    181 a - - -
          2.68618  4.42225  2.77519  2.73123  3.46354  2.40513  3.72494  3.29354  2.67741  2.69355  4.24690  2.90347  2.73739  3.18146  2.89801  2.37887  2.77519  2.98518  4.58477  3.61503
          0.02752  4.00252  4.72487  0.61958  0.77255  0.48576  0.95510
    152   2.47964  4.87166  2.82685  2.26091  4.14531  3.37999  3.59313  3.55168  2.05150  3.12395  3.92752  2.73563  3.78459  2.70737  2.81610  2.54526  2.44920  3.10031  5.36009  4.00937    182 k - - -
          2.68618  4.42225  2.77519  2.73123  3.46354  2.40513  3.72494  3.29354  2.67741  2.69355  4.24690  2.90347  2.73739  3.18146  2.89801  2.37887  2.77519  2.98518  4.58477  3.61503
          0.02752  4.00252  4.72487  0.61958  0.77255  0.48576  0.95510
    153   3.06163  5.33016  0.85759  2.27449  4.69356  3.27047  3.95771  4.25788  3.04681  3.84755  4.79742  2.87009  3.93034  3.17473  3.60588  2.99024  3.39344  3.87414  5.87670  4.50302    183 d - - -
          2.68618  4.42225  2.77519  2.73123  3.46354  2.40513  3.72494  3.29354  2.67741  2.69355  4.24690  2.90347  2.73739  3.18146  2.89801  2.37887  2.77519  2.98518  4.58477  3.61503
          0.02752  4.00252  4.72487  0.61958  0.77255  0.48576  0.95510
    154   2.93014  4.49631  4.06342  3.64943  3.21018  3.87309  4.35412  2.36790  3.42108  1.03034  3.23478  3.90717  4.33085  3.79909  3.63181  3.12584  3.23522  2.30660  5.03118  3.72289    184 l - - -
          2.68618  4.42225  2.77519  2.73123  3.46354  2.40513  3.72494  3.29354  2.67741  2.69355  4.24690  2.90347  2.73739  3.18146  2.89801  2.37887  2.77519  2.98518  4.58477  3.61503
          0.02752  4.00252  4.72487  0.61958  0.77255  0.48576  0.95510
    155   2.59081  5.04972  2.63413  1.77837  4.34921  3.26970  3.61183  3.79973  2.31226  3.31039  4.07238  2.83232  3.79377  2.40543  2.85381  2.43882  2.88721  3.41986  5.51367  4.13122    185 e - - -
          2.68618  4.42225  2.77519  2.73123  3.46354  2.40513  3.72494  3.29354  2.67741  2.69355  4.24690  2.90347  2.73739  3.18146  2.89801  2.37887  2.77519  2.98518  4.58477  3.61503
          0.02752  4.00252  4.72487  0.61958  0.77255  0.48576  0.95510
    156   2.49841  5.12575  2.41010  1.64681  4.42804  3.26723  3.63551  3.89194  2.32512  3.41897  4.21210  2.77270  3.36718  2.75319  2.96205  2.63434  2.92031  3.49911  5.59595  4.18809    186 e - - -
          2.68618  4.42225  2.77519  2.73123  3.46354  2.40513  3.72494  3.29354  2.67741  2.69355  4.24690  2.90347  2.73739  3.18146  2.89801  2.37887  2.77519  2.98518  4.58477  3.61503
          0.02752  4.00252  4.72487  0.61958  0.77255  0.48576  0.95510
    157   2.48917  4.23807  3.48335  2.89791  3.05635  3.54339  3.75351  2.59565  2.69562  2.28384  3.29153  3.28769  3.76836  2.90960  3.19057  2.73907  2.76244  2.15367  4.82430  3.56797    187 v - - -
          2.68618  4.42225  2.77519  2.73123  3.46354  2.40513  3.72494  3.29354  2.67741  2.69355  4.24690  2.90347  2.73739  3.18146  2.89801  2.37887  2.77519  2.98518  4.58477  3.61503
          0.02752  4.00252  4.72487  0.61958  0.77255  0.48576  0.95510
    158   1.25582  4.15376  3.41710  3.13515  4.29751  2.27417  4.21650  3.69992  3.21399  3.39762  4.22116  3.29061  3.68221  3.48932  3.53072  2.03126  2.69800  3.15314  5.64238  4.43263    188 a - - -
          2.68618  4.42225  2.77519  2.73123  3.46354  2.40513  3.72494  3.29354  2.67741  2.69355  4.24690  2.90347  2.73739  3.18146  2.89801  2.37887  2.77519  2.98518  4.58477  3.61503
          0.02752  4.00252  4.72487  0.61958  0.77255  0.48576  0.95510
    159   2.87690  5.33604  2.21646  1.26911  4.63282  3.27926  3.72084  4.10327  2.39173  3.62781  4.46558  2.75373  3.84703  2.87753  3.09266  2.79710  3.14411  3.71008  5.79104  4.35591    189 e - - -
          2.68618  4.42225  2.77519  2.73123  3.46354  2.40513  3.72494  3.29354  2.67741  2.69355  4.24690  2.90347  2.73739  3.18146  2.89801  2.37887  2.77519  2.98518  4.58477  3.61503
          0.02752  4.00252  4.72487  0.61958  0.77255  0.48576  0.95510
    160   3.10315  4.41176  4.78567  4.24887  3.44893  4.46282  4.91612  1.44995  4.14208  1.80895  3.11146  4.48692  4.72558  4.36507  4.32908  3.81853  3.34869  1.24189  5.40452  4.23905    190 v - - -
          2.68618  4.42225  2.77519  2.73123  3.46354  2.40513  3.72494  3.29354  2.67741  2.69355  4.24690  2.90347  2.73739  3.18146  2.89801  2.37887  2.77519  2.98518  4.58477  3.61503
          0.02752  4.00252  4.72487  0.61958  0.77255  0.48576  0.95510
    161   2.91027  5.06432  2.74814  2.41262  4.33234  3.41398  3.75926  3.83155  2.38666  3.36209  4.28704  3.00717  3.93972  1.29891  2.70019  2.90864  3.17294  3.51612  5.51028  4.19107    191 q - - -
          2.68618  4.42225  2.77519  2.73123  3.46354  2.40513  3.72494  3.29354  2.67741  2.69355  4.24690  2.90347  2.73739  3.18146  2.89801  2.37887  2.77519  2.98518  4.58477  3.61503
          0.02752  4.00252  4.72487  0.61958  0.77255  0.48576  0.95510
    162   2.74298  4.83131  2.90409  2.59371  4.19974  3.36210  3.78033  3.62235  2.42840  3.19976  4.13674  3.05601  3.89808  1.43223  2.74458  2.79408  2.72412  3.30858  5.45290  4.13838    192 q - - -
          2.68618  4.42225  2.77519  2.73123  3.46354  2.40513  3.72494  3.29354  2.67741  2.69355  4.24690  2.90347  2.73739  3.18146  2.89801  2.37887  2.77519  2.98518  4.58477  3.61503
          0.02752  4.00252  4.72487  0.61958  0.77255  0.48576  0.95510
    163   2.10171  4.59351  3.03146  2.46355  3.39599  3.43124  3.65558  3.18599  2.42251  2.78709  3.65815  3.01856  3.27520  2.85113  2.84195  2.55994  2.78921  2.89749  5.13227  3.79308    193 a - - -
          2.68618  4.42225  2.77519  2.73123  3.46354  2.40513  3.72494  3.29354  2.67741  2.69355  4.24690  2.90347  2.73739  3.18146  2.89801  2.37887  2.77519  2.98518  4.58477  3.61503
          0.02752  4.00252  4.72487  0.61958  0.77255  0.48576  0.95510
    164   2.65993  4.74701  2.39741  2.54735  4.32990  3.21629  3.94578  3.79182  2.88995  3.43799  4.32899  3.02520  1.32065  3.16609  3.32205  2.74522  3.04999  3.40038  5.60232  4.29222    194 p - - -
          2.68618  4.42225  2.77519  2.73123  3.46354  2.40513  3.72494  3.29354  2.67741  2.69355  4.24690  2.90347  2.73739  3.18146  2.89801  2.37887  2.77519  2.98518  4.58477  3.61503
          0.02752  4.00252  4.72487  0.61958  0.77255  0.48576  0.95510
    165   2.93391  5.09206  3.22306  2.66813  4.51160  3.57399  3.61903  3.88272  1.24397  3.36413  4.21696  3.10867  3.97343  2.69574  2.09382  2.80252  3.09790  3.55146  5.45111  4.23371    195 k - - -
          2.68618  4.42225  2.77519  2.73123  3.46354  2.40513  3.72494  3.29354  2.67741  2.69355  4.24690  2.90347  2.73739  3.18146  2.89801  2.37887  2.77519  2.98518  4.58477  3.61503
          0.06869  4.00252  3.03414  0.61958  0.77255  0.48576  0.95510
    166   2.91721  5.06394  3.33455  2.68535  4.45413  3.59839  3.58490  3.81457  1.63834  3.29844  4.15057  3.11797  3.96463  2.57409  1.58833  2.92143  3.09784  3.28209  5.39589  4.18740    196 r - - -
          2.68618  4.42225  2.77519  2.73123  3.46354  2.40513  3.72494  3.29354  2.67741  2.69355  4.24690  2.90347  2.73739  3.18146  2.89801  2.37887  2.77519  2.98518  4.58477  3.61503
          0.02866  3.96249  4.68483  0.61958  0.77255  0.52577  0.89429
    167   3.03130  5.15917  2.52793  0.90392  4.51692  3.33322  3.92847  3.98874  2.82043  3.59164  4.56222  2.98631  3.94223  3.14258  3.23821  3.00486  3.33639  3.66350  5.67156  4.39444    197 e - - -
          2.68618  4.42225  2.77519  2.73123  3.46354  2.40513  3.72494  3.29354  2.67741  2.69355  4.24690  2.90347  2.73739  3.18146  2.89801  2.37887  2.77519  2.98518  4.58477  3.61503
          0.02866  3.96249  4.68483  0.61958  0.77255  0.52577  0.89429
    168   2.77972  4.54578  3.47188  3.38295  4.52276  0.60280  4.49733  4.14464  3.57644  3.78738  4.76417  3.63622  3.93979  3.89351  3.80222  2.95428  3.26796  3.65560  5.59373  4.62784    198 G - - -
          2.68618  4.42225  2.77519  2.73123  3.46354  2.40513  3.72494  3.29354  2.67741  2.69355  4.24690  2.90347  2.73739  3.18146  2.89801  2.37887  2.77519  2.98518  4.58477  3.61503
          0.02866  3.96249  4.68483  0.61958  0.77255  0.46154  0.99510
    169   2.96585  5.00052  3.36140  2.82022  4.40785  3.57387  3.68233  3.84898  1.99503  3.35782  4.24839  3.03794  4.01414  2.84520  1.16588  3.00086  3.18828  3.52887  5.40738  4.19337    199 r - - -
          2.68618  4.42225  2.77519  2.73123  3.46354  2.40513  3.72494  3.29354  2.67741  2.69355  4.24690  2.90347  2.73739  3.18146  2.89801  2.37887  2.77519  2.98518  4.58477  3.61503
          0.02752  4.00252  4.72487  0.61958  0.77255  0.48576  0.95510
    170   2.61635  4.75520  2.71725  2.48038  4.30464  3.22240  3.80191  3.79941  2.60199  3.39347  4.23434  1.53739  3.81295  2.98765  2.86327  2.32242  2.93514  3.38855  5.55276  4.20202    200 n - - -
          2.68618  4.42225  2.77519  2.73123  3.46354  2.40513  3.72494  3.29354  2.67741  2.69355  4.24690  2.90347  2.73739  3.18146  2.89801  2.37887  2.77519  2.98518  4.58477  3.61503
          0.02752  4.00252  4.72487  0.61958  0.77255  0.48576  0.95510
    171   3.15152  4.57889  4.48807  3.94162  3.12061  4.28946  4.59553  2.12220  3.73864  1.48856  1.48931  4.23683  4.56396  3.99898  3.93161  3.63198  3.39040  2.25240  5.10358  3.94419    201 l - - -
          2.68618  4.42225  2.77519  2.73123  3.46354  2.40513  3.72494  3.29354  2.67741  2.69355  4.24690  2.90347  2.73739  3.18146  2.89801  2.37887  2.77519  2.98518  4.58477  3.61503
          0.02752  4.00252  4.72487  0.61958  0.77255  0.48576  0.95510
    172   2.73396  4.23423  4.04978  3.49543  3.30388  3.83061  4.18952  1.72967  3.35737  2.11758  2.21122  3.61353  4.20392  3.64577  3.59107  3.13814  2.77837  2.07657  4.94466  3.74693    202 i - - -
          2.68618  4.42225  2.77519  2.73123  3.46354  2.40513  3.72494  3.29354  2.67741  2.69355  4.24690  2.90347  2.73739  3.18146  2.89801  2.37887  2.77519  2.98518  4.58477  3.61503
          0.02752  4.00252  4.72487  0.61958  0.77255  0.48576  0.95510
    173   2.99958  4.50698  4.30942  3.81667  3.22222  4.03542  4.52207  2.24443  3.61517  1.72962  1.44875  4.07860  4.42981  3.92121  3.82203  3.41583  3.28388  2.08586  5.13858  3.95047    203 m - - -
          2.68618  4.42225  2.77519  2.73123  3.46354  2.40513  3.72494  3.29354  2.67741  2.69355  4.24690  2.90347  2.73739  3.18146  2.89801  2.37887  2.77519  2.98518  4.58477  3.61503
          0.02752  4.00252  4.72487  0.61958  0.77255  0.48576  0.95510
    174   2.83492  4.30247  4.18280  3.60690  2.25280  3.94261  4.17796  2.23894  3.49058  1.45646  2.83191  3.86817  4.25857  3.25405  3.69084  3.23409  3.06102  2.37175  4.77107  3.51083    204 l - - -
          2.68618  4.42225  2.77519  2.73123  3.46354  2.40513  3.72494  3.29354  2.67741  2.69355  4.24690  2.90347  2.73739  3.18146  2.89801  2.37887  2.77519  2.98518  4.58477  3.61503
          0.02752  4.00252  4.72487  0.61958  0.77255  0.48576  0.95510
    175   3.23328  4.57663  4.75913  4.19871  3.14965  4.49274  4.82147  1.90229  4.06423  0.99310  2.77106  4.47810  4.70040  4.22238  4.22371  3.83485  3.46123  1.96097  5.20770  4.12201    205 l - - -
          2.68618  4.42225  2.77519  2.73123  3.46354  2.40513  3.72494  3.29354  2.67741  2.69355  4.24690  2.90347  2.73739  3.18146  2.89801  2.37887  2.77519  2.98518  4.58477  3.61503
          0.02752  4.00252  4.72487  0.61958  0.77255  0.48576  0.95510
    176   2.04190  4.20116  3.46656  3.03767  4.05693  2.94048  4.06562  3.39191  3.01863  3.12526  3.97290  3.27172  3.72528  3.32732  3.36207  1.53773  2.24222  2.65347  5.42522  4.19855    206 s - - -
          2.68618  4.42225  2.77519  2.73123  3.46354  2.40513  3.72494  3.29354  2.67741  2.69355  4.24690  2.90347  2.73739  3.18146  2.89801  2.37887  2.77519  2.98518  4.58477  3.61503
          0.02752  4.00252  4.72487  0.61958  0.77255  0.48576  0.95510
    177   2.47732  4.42985  3.24435  3.07049  4.19898  3.13905  4.21450  3.64522  3.13643  3.33549  4.31775  3.35148  1.04178  3.51603  3.42263  2.66031  2.98548  3.24314  5.54525  4.30239    207 p - - -
          2.68618  4.42225  2.77519  2.73123  3.46354  2.40513  3.72494  3.29354  2.67741  2.69355  4.24690  2.90347  2.73739  3.18146  2.89801  2.37887  2.77519  2.98518  4.58477  3.61503
          0.02752  4.00252  4.72487  0.61958  0.77255  0.48576  0.95510
    178   2.95975  5.14705  3.28013  2.67676  4.57720  3.60225  3.60039  3.94557  1.40494  3.39985  4.24535  2.81505  3.98172  2.73104  1.75060  2.94772  3.14139  3.60802  5.46139  4.25174    208 k - - -
          2.68618  4.42225  2.77519  2.73123  3.46354  2.40513  3.72494  3.29354  2.67741  2.69355  4.24690  2.90347  2.73739  3.18146  2.89801  2.37887  2.77519  2.98518  4.58477  3.61503
          0.02866  3.96249  4.68483  0.61958  0.77255  0.48576  0.95510
    179   2.92095  5.03441  3.24298  2.69610  4.46196  3.55517  3.62664  3.81399  1.23049  3.32199  4.19490  3.12330  3.96872  2.77164  2.10259  2.93472  2.98096  3.49428  5.42742  4.21681    209 k - - -
          2.68618  4.42225  2.77519  2.73123  3.46354  2.40513  3.72494  3.29354  2.67741  2.69355  4.24690  2.90347  2.73739  3.18146  2.89801  2.37887  2.77519  2.98518  4.58477  3.61503
          0.20979  3.96249  1.77059  0.61958  0.77255  0.48576  0.95510
    180   2.24211  4.36469  3.03164  2.54135  3.87825  3.17030  3.77110  3.21215  2.63642  2.92005  3.78416  3.04062  3.72813  2.93250  3.01395  2.27150  2.14291  2.80253  5.22620  3.95835    210 t - - -
          2.68618  4.42225  2.77519  2.73123  3.46354  2.40513  3.72494  3.29354  2.67741  2.69355  4.24690  2.90347  2.73739  3.18146  2.89801  2.37887  2.77519  2.98518  4.58477  3.61503
          0.08162  3.78695  2.88761  0.61958  0.77255  0.63493  0.75497
    181   2.37351  4.54529  2.72356  2.41888  3.98202  3.09110  3.67150  3.37867  2.44448  3.00282  3.85983  2.88705  2.69153  2.86190  2.94008  2.46280  2.68980  2.99648  5.28154  3.97551    211 a - - -
          2.68492  4.42292  2.77549  2.73121  3.46415  2.40533  3.72558  3.29361  2.67647  2.69381  4.24753  2.90393  2.73681  3.18163  2.89808  2.37920  2.77509  2.98505  4.58544  3.61570
          0.31966  1.29607        *  2.75278  0.06587  0.00000        *
//
