HMMER3/f [3.1b2 | February 2015]
NAME  1G6JJ.faa.final_tree.fa
LENG  134
ALPH  amino
RF    no
MM    no
CONS  yes
CS    no
MAP   yes
DATE  Fri Aug  3 14:20:19 2018
NSEQ  130
EFFN  0.868835
CKSUM 412929079
STATS LOCAL MSV       -9.6024  0.71131
STATS LOCAL VITERBI  -10.6082  0.71131
STATS LOCAL FORWARD   -4.5049  0.71131
HMM          A        C        D        E        F        G        H        I        K        L        M        N        P        Q        R        S        T        V        W        Y   
            m->m     m->i     m->d     i->m     i->i     d->m     d->d
  COMPO   2.60439  4.65238  2.89195  2.55697  3.51400  2.98925  3.77685  2.76363  2.61075  2.39972  3.53818  3.15083  3.62969  3.02249  2.66939  2.61018  2.88768  2.52617  5.25026  3.79849
          2.68608  4.42257  2.77537  2.73130  3.46366  2.40532  3.72526  3.29318  2.67723  2.69347  4.24645  2.90376  2.73728  3.18094  2.89806  2.37908  2.77505  2.98496  4.58467  3.61529
          0.15889  2.30528  3.05379  2.45438  0.08983  0.00000        *
      1   3.05697  4.58184  4.32741  3.87270  3.23936  4.03989  4.56076  2.34926  3.63491  1.75799  1.24714  4.11944  4.46306  3.97031  3.82875  3.45211  3.35621  2.30259  5.16240  3.94840     32 m - - -
          2.68618  4.42225  2.77519  2.73123  3.46354  2.40513  3.72494  3.29354  2.67741  2.69355  4.24690  2.90347  2.73739  3.18146  2.89801  2.37887  2.77519  2.98518  4.58477  3.61503
          0.02555  4.07567  4.79802  0.61958  0.77255  0.49387  0.94228
      2   1.20751  4.29116  3.50864  3.07556  3.94791  3.20428  4.08259  3.17442  3.01831  2.95582  3.49435  3.34562  3.25032  3.35805  3.34781  2.59697  2.74398  2.84755  5.36826  4.13581     33 a - - -
          2.68618  4.42225  2.77519  2.73123  3.46354  2.40513  3.72494  3.29354  2.67741  2.69355  4.24690  2.90347  2.73739  3.18146  2.89801  2.37887  2.77519  2.98518  4.58477  3.61503
          0.02503  4.09596  4.81831  0.61958  0.77255  0.50829  0.92010
      3   2.63348  4.88074  2.89103  2.40867  4.15663  3.40549  3.54268  3.54947  2.33898  3.12224  3.96994  2.43689  3.39168  2.56435  2.84201  2.64949  2.11371  3.24029  5.38002  4.03735     34 t - - -
          2.68618  4.42225  2.77519  2.73123  3.46354  2.40513  3.72494  3.29354  2.67741  2.69355  4.24690  2.90347  2.73739  3.18146  2.89801  2.37887  2.77519  2.98518  4.58477  3.61503
          0.02503  4.09596  4.81831  0.61958  0.77255  0.50829  0.92010
      4   2.55348  4.93934  2.49471  2.34301  4.35461  2.83488  3.67998  3.80933  2.49950  3.35960  4.14798  2.43788  3.45022  2.81559  2.99017  1.97663  2.73959  3.40680  5.55026  4.17060     35 s - - -
          2.68618  4.42225  2.77519  2.73123  3.46354  2.40513  3.72494  3.29354  2.67741  2.69355  4.24690  2.90347  2.73739  3.18146  2.89801  2.37887  2.77519  2.98518  4.58477  3.61503
          0.02503  4.09596  4.81831  0.61958  0.77255  0.50829  0.92010
      5   2.96282  4.99001  3.41849  2.80992  3.88823  3.66497  3.37407  3.68547  2.11985  3.20194  4.09822  3.22543  4.04442  2.86713  1.25774  2.99974  3.15745  3.40282  5.14098  3.32673     36 r - - -
          2.68618  4.42225  2.77519  2.73123  3.46354  2.40513  3.72494  3.29354  2.67741  2.69355  4.24690  2.90347  2.73739  3.18146  2.89801  2.37887  2.77519  2.98518  4.58477  3.61503
          0.02503  4.09596  4.81831  0.61958  0.77255  0.50829  0.92010
      6   3.27460  5.08668  3.78969  3.26108  4.49886  3.71208  4.01078  4.06111  2.36066  3.53655  4.53582  3.60109  4.20826  3.22431  0.68498  3.35107  3.52817  3.77659  5.49385  4.38304     37 R - - -
          2.68618  4.42225  2.77519  2.73123  3.46354  2.40513  3.72494  3.29354  2.67741  2.69355  4.24690  2.90347  2.73739  3.18146  2.89801  2.37887  2.77519  2.98518  4.58477  3.61503
          0.02503  4.09596  4.81831  0.61958  0.77255  0.49252  0.94440
      7   2.90779  4.34722  4.33998  3.79533  3.46686  4.08191  4.50852  1.94362  3.66758  2.05726  3.23626  4.06091  3.91732  3.95171  3.90060  3.41040  3.16442  1.11910  5.21337  4.00948     38 v - - -
          2.68618  4.42225  2.77519  2.73123  3.46354  2.40513  3.72494  3.29354  2.67741  2.69355  4.24690  2.90347  2.73739  3.18146  2.89801  2.37887  2.77519  2.98518  4.58477  3.61503
          0.02482  4.10449  4.82684  0.61958  0.77255  0.49868  0.93479
      8   2.08750  4.83629  2.76564  1.87442  4.17747  3.31944  3.73149  3.66844  2.56568  3.27229  4.08929  2.93728  3.82242  2.88929  3.03096  2.04698  2.91030  3.29909  5.49839  4.14759     39 e - - -
          2.68618  4.42225  2.77519  2.73123  3.46354  2.40513  3.72494  3.29354  2.67741  2.69355  4.24690  2.90347  2.73739  3.18146  2.89801  2.37887  2.77519  2.98518  4.58477  3.61503
          0.02482  4.10449  4.82684  0.61958  0.77255  0.49868  0.93479
      9   3.16654  5.24035  3.62230  2.91855  4.72143  3.75577  3.66809  4.05697  1.57515  3.48245  4.36526  3.29639  4.11894  2.80436  1.15949  3.16288  3.32184  3.74614  5.50331  4.36253     40 r - - -
          2.68618  4.42225  2.77519  2.73123  3.46354  2.40513  3.72494  3.29354  2.67741  2.69355  4.24690  2.90347  2.73739  3.18146  2.89801  2.37887  2.77519  2.98518  4.58477  3.61503
          0.02482  4.10449  4.82684  0.61958  0.77255  0.49076  0.94717
     10   3.09651  4.46045  4.69526  4.19206  3.42812  4.35931  4.88352  1.82942  4.05709  2.05354  3.33725  4.41993  4.70361  4.33693  4.26765  3.73683  3.36866  0.91990  5.43821  4.18660     41 v - - -
          2.68618  4.42225  2.77519  2.73123  3.46354  2.40513  3.72494  3.29354  2.67741  2.69355  4.24690  2.90347  2.73739  3.18146  2.89801  2.37887  2.77519  2.98518  4.58477  3.61503
          0.02471  4.10873  4.83108  0.61958  0.77255  0.49384  0.94232
     11   1.16366  4.19752  3.54204  3.25338  4.37094  2.76565  4.30855  3.77133  3.31123  3.47500  4.29745  3.37776  3.74086  3.58708  3.61684  1.70723  2.75261  3.21437  5.71806  4.51489     42 a - - -
          2.68618  4.42225  2.77519  2.73123  3.46354  2.40513  3.72494  3.29354  2.67741  2.69355  4.24690  2.90347  2.73739  3.18146  2.89801  2.37887  2.77519  2.98518  4.58477  3.61503
          0.02471  4.10873  4.83108  0.61958  0.77255  0.49384  0.94232
     12   2.16552  4.83962  2.73669  1.82270  4.33395  3.28886  3.77544  3.75189  2.61950  3.35450  4.17441  2.94236  3.82850  2.93742  3.08059  1.88607  2.94077  3.36199  5.57365  4.22048     43 e - - -
          2.68618  4.42225  2.77519  2.73123  3.46354  2.40513  3.72494  3.29354  2.67741  2.69355  4.24690  2.90347  2.73739  3.18146  2.89801  2.37887  2.77519  2.98518  4.58477  3.61503
          0.02471  4.10873  4.83108  0.61958  0.77255  0.49384  0.94232
     13   2.96606  4.52011  4.06232  3.57392  3.21837  3.95234  4.27966  2.48145  3.30403  1.00724  3.10147  3.87214  4.34013  3.53321  3.52190  3.18154  3.22695  2.46955  5.00390  3.74773     44 l - - -
          2.68618  4.42225  2.77519  2.73123  3.46354  2.40513  3.72494  3.29354  2.67741  2.69355  4.24690  2.90347  2.73739  3.18146  2.89801  2.37887  2.77519  2.98518  4.58477  3.61503
          0.02471  4.10873  4.83108  0.61958  0.77255  0.49384  0.94232
     14   3.23662  4.55181  4.86012  4.37256  3.42865  4.54479  5.01775  0.97260  4.19396  1.77346  3.27211  4.60248  4.82716  4.46323  4.36667  3.94338  3.49610  1.78107  5.44738  4.23091     45 i - - -
          2.68618  4.42225  2.77519  2.73123  3.46354  2.40513  3.72494  3.29354  2.67741  2.69355  4.24690  2.90347  2.73739  3.18146  2.89801  2.37887  2.77519  2.98518  4.58477  3.61503
          0.02471  4.10873  4.83108  0.61958  0.77255  0.49384  0.94232
     15   3.11522  5.26792  3.51624  2.82671  4.74352  3.72972  3.63824  4.07839  1.18214  3.49039  4.35048  3.23217  4.08336  2.60834  1.70368  3.09618  3.26955  3.75150  5.51617  4.35312     46 k - - -
          2.68618  4.42225  2.77519  2.73123  3.46354  2.40513  3.72494  3.29354  2.67741  2.69355  4.24690  2.90347  2.73739  3.18146  2.89801  2.37887  2.77519  2.98518  4.58477  3.61503
          0.02471  4.10873  4.83108  0.61958  0.77255  0.49384  0.94232
     16   3.14924  5.25390  3.57319  2.87668  4.72498  3.75130  3.64971  4.05576  1.65487  3.47571  4.34828  3.26611  4.10611  2.63788  1.17171  3.13854  3.29997  3.74168  5.50409  4.35463     47 r - - -
          2.68618  4.42225  2.77519  2.73123  3.46354  2.40513  3.72494  3.29354  2.67741  2.69355  4.24690  2.90347  2.73739  3.18146  2.89801  2.37887  2.77519  2.98518  4.58477  3.61503
          0.02471  4.10873  4.83108  0.61958  0.77255  0.49384  0.94232
     17   3.17698  5.31675  2.61486  0.73047  4.69591  3.44205  4.05824  4.19821  2.97039  3.78008  4.75081  3.09468  4.06001  3.27347  3.39872  3.13928  3.48533  3.86021  5.82251  4.55363     48 e - - -
          2.68618  4.42225  2.77519  2.73123  3.46354  2.40513  3.72494  3.29354  2.67741  2.69355  4.24690  2.90347  2.73739  3.18146  2.89801  2.37887  2.77519  2.98518  4.58477  3.61503
          0.02471  4.10873  4.83108  0.61958  0.77255  0.49384  0.94232
     18   3.01013  4.36519  4.63556  4.09771  3.56040  4.30177  4.77783  1.61579  3.99023  2.17847  3.12675  4.32833  4.62527  4.24605  4.19725  3.64707  2.93845  1.09086  5.38414  4.19156     49 v - - -
          2.68618  4.42225  2.77519  2.73123  3.46354  2.40513  3.72494  3.29354  2.67741  2.69355  4.24690  2.90347  2.73739  3.18146  2.89801  2.37887  2.77519  2.98518  4.58477  3.61503
          0.02471  4.10873  4.83108  0.61958  0.77255  0.49384  0.94232
     19   2.27617  4.25233  3.42112  3.18278  4.40152  2.94918  4.28828  3.79327  3.24560  3.51494  4.35583  3.35006  3.76241  3.55937  3.54723  0.97274  2.52741  3.24653  5.74478  4.51562     50 s - - -
          2.68618  4.42225  2.77519  2.73123  3.46354  2.40513  3.72494  3.29354  2.67741  2.69355  4.24690  2.90347  2.73739  3.18146  2.89801  2.37887  2.77519  2.98518  4.58477  3.61503
          0.02471  4.10873  4.83108  0.61958  0.77255  0.49384  0.94232
     20   2.64275  4.96332  2.76445  2.13874  4.24310  3.40020  3.61809  3.67846  2.36923  2.89865  3.98739  2.84339  3.81280  1.99573  2.83561  2.63928  2.66810  3.29910  5.43504  4.07322     51 q - - -
          2.68618  4.42225  2.77519  2.73123  3.46354  2.40513  3.72494  3.29354  2.67741  2.69355  4.24690  2.90347  2.73739  3.18146  2.89801  2.37887  2.77519  2.98518  4.58477  3.61503
          0.02471  4.10873  4.83108  0.61958  0.77255  0.48605  0.95464
     21   3.28745  4.62911  4.84230  4.27158  3.13075  4.53043  4.83302  2.00409  4.13023  1.23325  1.61569  4.53276  4.72712  4.25534  4.26123  3.86807  3.50893  2.23449  5.18396  4.11790     52 l - - -
          2.68618  4.42225  2.77519  2.73123  3.46354  2.40513  3.72494  3.29354  2.67741  2.69355  4.24690  2.90347  2.73739  3.18146  2.89801  2.37887  2.77519  2.98518  4.58477  3.61503
          0.02461  4.11288  4.83523  0.61958  0.77255  0.48906  0.94986
     22   3.35949  4.72764  4.81861  4.29098  3.13706  4.54232  4.87598  2.17788  4.06703  0.77218  2.89855  4.55865  4.77621  4.27865  4.21452  3.91931  3.60247  2.22009  5.22611  4.08672     53 l - - -
          2.68618  4.42225  2.77519  2.73123  3.46354  2.40513  3.72494  3.29354  2.67741  2.69355  4.24690  2.90347  2.73739  3.18146  2.89801  2.37887  2.77519  2.98518  4.58477  3.61503
          0.02461  4.11288  4.83523  0.61958  0.77255  0.48371  0.95839
     23   2.76181  4.22375  4.18127  3.60053  3.14847  3.88752  4.19130  2.05829  3.48432  1.50332  2.73187  3.84460  4.22610  3.35613  3.67995  3.14550  2.89217  2.05942  4.84743  3.67940     54 l - - -
          2.68618  4.42225  2.77519  2.73123  3.46354  2.40513  3.72494  3.29354  2.67741  2.69355  4.24690  2.90347  2.73739  3.18146  2.89801  2.37887  2.77519  2.98518  4.58477  3.61503
          0.02454  4.11572  4.83806  0.61958  0.77255  0.48576  0.95510
     24   2.59162  4.88122  2.91347  2.39686  3.95662  3.38706  2.85176  3.57284  2.35917  3.07225  3.91269  2.29255  3.80698  2.64881  2.80665  2.36135  2.83938  3.22755  5.36211  3.85366     55 n - - -
          2.68618  4.42225  2.77519  2.73123  3.46354  2.40513  3.72494  3.29354  2.67741  2.69355  4.24690  2.90347  2.73739  3.18146  2.89801  2.37887  2.77519  2.98518  4.58477  3.61503
          0.02454  4.11572  4.83806  0.61958  0.77255  0.48576  0.95510
     25   2.88643  5.42482  1.84103  1.86341  4.72794  1.97486  3.75461  4.23104  2.69448  3.72667  4.53970  2.58094  3.86563  2.82772  3.25924  2.74473  3.15747  3.80535  5.89007  4.41548     56 d - - -
          2.68618  4.42225  2.77520  2.73123  3.46354  2.40513  3.72495  3.29354  2.67741  2.69355  4.24690  2.90347  2.73740  3.18138  2.89801  2.37887  2.77520  2.98519  4.58477  3.61503
          0.04492  3.32400  4.83806  0.53386  0.88270  0.48576  0.95510
     26   3.23739  4.54642  4.89259  4.39618  3.44739  4.56534  5.04687  0.97295  4.22867  1.78165  3.27670  4.62493  4.84032  4.48699  4.40149  3.95874  3.49541  1.74787  5.47257  4.26902     58 i - - -
          2.68618  4.42225  2.77519  2.73123  3.46354  2.40513  3.72494  3.29354  2.67741  2.69355  4.24690  2.90347  2.73739  3.18146  2.89801  2.37887  2.77519  2.98518  4.58477  3.61503
          0.02454  4.11572  4.83806  0.61958  0.77255  0.48576  0.95510
     27   3.05190  5.24493  3.32517  2.55155  4.69148  3.66874  3.64786  4.04222  1.14794  3.48035  4.33081  3.17012  4.04614  2.77669  1.94783  3.03091  3.22461  3.70649  5.53076  4.33408     59 k - - -
          2.68618  4.42225  2.77519  2.73123  3.46354  2.40513  3.72494  3.29354  2.67741  2.69355  4.24690  2.90347  2.73739  3.18146  2.89801  2.37887  2.77519  2.98518  4.58477  3.61503
          0.02454  4.11572  4.83806  0.61958  0.77255  0.48576  0.95510
     28   3.04030  5.49540  0.92983  2.21125  4.82264  3.26932  3.91394  4.42698  2.99994  3.96202  4.85496  2.53821  3.93362  3.10741  3.60307  2.94047  3.36723  3.99144  6.05143  4.54659     60 d - - -
          2.68618  4.42225  2.77519  2.73123  3.46354  2.40513  3.72494  3.29354  2.67741  2.69355  4.24690  2.90347  2.73739  3.18146  2.89801  2.37887  2.77519  2.98518  4.58477  3.61503
          0.02454  4.11572  4.83806  0.61958  0.77255  0.48576  0.95510
     29   2.90573  5.45258  1.36152  1.79186  4.73394  3.30053  3.64571  4.24175  2.69611  3.56977  4.55453  2.73491  3.68027  2.83854  3.25681  2.81106  3.17481  3.82027  5.89658  4.41932     61 d - - -
          2.68618  4.42225  2.77519  2.73123  3.46354  2.40513  3.72494  3.29354  2.67741  2.69355  4.24690  2.90347  2.73739  3.18146  2.89801  2.37887  2.77519  2.98518  4.58477  3.61503
          0.02454  4.11572  4.83806  0.61958  0.77255  0.48576  0.95510
     30   3.06941  4.99790  3.67404  3.04131  4.17824  3.70893  3.80183  3.64477  2.15324  2.83380  4.16834  3.40076  4.13239  2.99244  1.01985  3.14112  3.29003  3.40910  5.34896  4.10587     62 r - - -
          2.68618  4.42225  2.77519  2.73123  3.46354  2.40513  3.72494  3.29354  2.67741  2.69355  4.24690  2.90347  2.73739  3.18146  2.89801  2.37887  2.77519  2.98518  4.58477  3.61503
          0.02454  4.11572  4.83806  0.61958  0.77255  0.48576  0.95510
     31   3.11203  4.45941  4.78354  4.31328  3.64691  4.39608  5.04615  1.65903  4.18499  2.17467  3.47268  4.51816  4.76185  4.47843  4.38999  3.80195  3.39648  0.88746  5.59991  4.36767     63 v - - -
          2.68618  4.42225  2.77519  2.73123  3.46354  2.40513  3.72494  3.29354  2.67741  2.69355  4.24690  2.90347  2.73739  3.18146  2.89801  2.37887  2.77519  2.98518  4.58477  3.61503
          0.02454  4.11572  4.83806  0.61958  0.77255  0.48576  0.95510
     32   2.65714  4.90590  2.77273  2.43695  4.21890  1.81249  3.07034  3.65589  2.46808  3.23934  4.06529  2.89157  3.86037  2.79154  2.71708  2.68616  2.95598  3.31280  5.44874  4.11046     64 g - - -
          2.68618  4.42225  2.77519  2.73123  3.46354  2.40513  3.72494  3.29354  2.67741  2.69355  4.24690  2.90347  2.73739  3.18146  2.89801  2.37887  2.77519  2.98518  4.58477  3.61503
          0.02454  4.11572  4.83806  0.61958  0.77255  0.48576  0.95510
     33   2.09656  4.73304  2.88385  2.47158  3.95906  3.43311  3.46952  3.31647  2.44979  2.95642  3.33178  2.85501  3.82541  2.60565  2.91528  2.51728  2.60426  3.03287  5.25026  3.92931     65 a - - -
          2.68618  4.42225  2.77519  2.73123  3.46354  2.40513  3.72494  3.29354  2.67741  2.69355  4.24690  2.90347  2.73739  3.18146  2.89801  2.37887  2.77519  2.98518  4.58477  3.61503
          0.02454  4.11572  4.83806  0.61958  0.77255  0.48576  0.95510
     34   2.55298  4.63348  2.96668  2.64703  4.03126  1.47442  3.52081  3.52228  2.68271  3.15899  4.01900  3.09275  3.87160  3.06901  3.00359  2.68625  2.86964  3.17814  5.36529  3.81517     66 g - - -
          2.68618  4.42225  2.77519  2.73123  3.46354  2.40513  3.72494  3.29354  2.67741  2.69355  4.24690  2.90347  2.73739  3.18146  2.89801  2.37887  2.77519  2.98518  4.58477  3.61503
          0.02454  4.11572  4.83806  0.61958  0.77255  0.48576  0.95510
     35   3.23510  4.63649  4.62365  4.07723  2.78273  4.38146  4.60072  2.29214  3.92448  1.51876  1.31619  4.33980  4.63360  4.10295  4.09137  3.71790  3.46652  2.40199  5.00468  3.76937     67 m - - -
          2.68618  4.42225  2.77519  2.73123  3.46354  2.40513  3.72494  3.29354  2.67741  2.69355  4.24690  2.90347  2.73739  3.18146  2.89801  2.37887  2.77519  2.98518  4.58477  3.61503
          0.02454  4.11572  4.83806  0.61958  0.77255  0.48576  0.95510
     36   2.89219  4.34485  4.40961  3.90762  3.63561  4.04379  4.65879  1.82076  3.78970  2.31988  3.49375  4.13134  4.35968  4.08765  4.02293  3.41164  2.76961  1.03912  5.39454  4.18208     68 v - - -
          2.68618  4.42225  2.77519  2.73123  3.46354  2.40513  3.72494  3.29354  2.67741  2.69355  4.24690  2.90347  2.73739  3.18146  2.89801  2.37887  2.77519  2.98518  4.58477  3.61503
          0.02454  4.11572  4.83806  0.61958  0.77255  0.48576  0.95510
     37   2.39073  4.38128  3.18470  2.93365  4.36243  3.07944  4.12808  3.80499  3.03747  3.47462  4.30658  2.87403  3.78764  3.36481  3.38861  1.08868  2.58965  3.29493  5.67920  4.40795     69 s - - -
          2.68618  4.42225  2.77519  2.73123  3.46354  2.40513  3.72494  3.29354  2.67741  2.69355  4.24690  2.90347  2.73739  3.18146  2.89801  2.37887  2.77519  2.98518  4.58477  3.61503
          0.02454  4.11572  4.83806  0.61958  0.77255  0.48576  0.95510
     38   3.16737  4.45856  4.94898  4.45981  3.65798  4.55876  5.16822  1.28232  4.35357  2.14954  3.45194  4.66222  4.86048  4.61412  4.54275  3.95642  3.43396  1.07071  5.64743  4.44026     70 v - - -
          2.68618  4.42225  2.77519  2.73123  3.46354  2.40513  3.72494  3.29354  2.67741  2.69355  4.24690  2.90347  2.73739  3.18146  2.89801  2.37887  2.77519  2.98518  4.58477  3.61503
          0.02454  4.11572  4.83806  0.61958  0.77255  0.48576  0.95510
     39   2.37937  4.26435  3.58641  3.23033  4.07275  3.14231  4.21781  3.26328  3.15549  3.06342  4.03866  3.41839  3.83826  3.51235  3.44552  2.38043  1.14788  2.78285  5.49776  4.25960     71 t - - -
          2.68618  4.42225  2.77519  2.73123  3.46354  2.40513  3.72494  3.29354  2.67741  2.69355  4.24690  2.90347  2.73739  3.18146  2.89801  2.37887  2.77519  2.98518  4.58477  3.61503
          0.02454  4.11572  4.83806  0.61958  0.77255  0.48576  0.95510
     40   2.41779  5.20934  1.80385  2.08903  4.51379  3.31094  3.60551  3.99188  2.32436  3.49736  4.27664  2.64243  3.82037  2.74057  2.95670  2.61029  2.95817  3.58100  5.65772  4.16965     72 d - - -
          2.68618  4.42225  2.77519  2.73123  3.46354  2.40513  3.72494  3.29354  2.67741  2.69355  4.24690  2.90347  2.73739  3.18146  2.89801  2.37887  2.77519  2.98518  4.58477  3.61503
          0.02454  4.11572  4.83806  0.61958  0.77255  0.48576  0.95510
     41   3.08308  4.45914  4.71605  4.26188  3.64484  4.31399  4.99987  1.74246  4.12216  2.19224  3.48907  4.45891  4.71454  4.43046  4.32901  3.72896  3.37940  0.86928  5.58155  4.33583     73 v - - -
          2.68618  4.42225  2.77519  2.73123  3.46354  2.40513  3.72494  3.29354  2.67741  2.69355  4.24690  2.90347  2.73739  3.18146  2.89801  2.37887  2.77519  2.98518  4.58477  3.61503
          0.02454  4.11572  4.83806  0.61958  0.77255  0.48576  0.95510
     42   2.69310  5.10966  2.02456  1.76244  4.39898  3.36045  3.64222  3.45012  2.45027  3.39268  4.17798  2.73270  3.81478  2.75306  2.94998  2.65984  2.93494  3.34899  5.57025  4.05889     74 e - - -
          2.68618  4.42225  2.77519  2.73123  3.46354  2.40513  3.72494  3.29354  2.67741  2.69355  4.24690  2.90347  2.73739  3.18146  2.89801  2.37887  2.77519  2.98518  4.58477  3.61503
          0.02454  4.11572  4.83806  0.61958  0.77255  0.48576  0.95510
     43   3.11132  4.47401  4.70914  4.20806  3.53577  4.37269  4.90915  1.85082  4.04691  1.91822  3.32830  4.43696  4.71573  4.34460  4.25223  3.75514  3.38376  0.94221  5.46875  4.23811     75 v - - -
          2.68618  4.42225  2.77519  2.73123  3.46354  2.40513  3.72494  3.29354  2.67741  2.69355  4.24690  2.90347  2.73739  3.18146  2.89801  2.37887  2.77519  2.98518  4.58477  3.61503
          0.02454  4.11572  4.83806  0.61958  0.77255  0.48576  0.95510
     44   2.00571  4.23143  3.48570  3.23384  4.40528  2.99866  4.31785  3.76447  3.29270  3.50288  4.34679  3.37508  3.75992  3.59259  3.59184  1.00051  2.68752  3.22114  5.75653  4.53851     76 s - - -
          2.68618  4.42225  2.77519  2.73123  3.46354  2.40513  3.72494  3.29354  2.67741  2.69355  4.24690  2.90347  2.73739  3.18146  2.89801  2.37887  2.77519  2.98518  4.58477  3.61503
          0.02454  4.11572  4.83806  0.61958  0.77255  0.48576  0.95510
     45   2.56534  4.56311  2.94514  2.83388  4.42570  1.00277  4.04552  4.02642  3.10982  3.65494  4.51643  2.84195  3.86482  3.41931  3.46498  2.68424  3.01774  3.50798  5.72592  4.41924     77 g - - -
          2.68618  4.42225  2.77519  2.73123  3.46354  2.40513  3.72494  3.29354  2.67741  2.69355  4.24690  2.90347  2.73739  3.18146  2.89801  2.37887  2.77519  2.98518  4.58477  3.61503
          0.02454  4.11572  4.83806  0.61958  0.77255  0.48576  0.95510
     46   3.27052  5.41446  0.62334  2.52107  4.82875  3.41270  4.17133  4.47650  3.30538  4.04380  5.03400  3.08717  4.08317  3.41556  3.84958  3.20998  3.61657  4.09185  5.94781  4.67016     78 D - - -
          2.68618  4.42225  2.77519  2.73123  3.46354  2.40513  3.72494  3.29354  2.67741  2.69355  4.24690  2.90347  2.73739  3.18146  2.89801  2.37887  2.77519  2.98518  4.58477  3.61503
          0.02454  4.11572  4.83806  0.61958  0.77255  0.48576  0.95510
     47   3.43942  4.83349  4.57930  4.22707  3.24657  4.28835  4.80724  2.47057  3.99266  0.62458  3.20559  4.47906  4.68619  4.30196  4.12611  3.89820  3.72497  2.56979  5.20688  3.98408     79 L - - -
          2.68618  4.42225  2.77519  2.73123  3.46354  2.40513  3.72494  3.29354  2.67741  2.69355  4.24690  2.90347  2.73739  3.18146  2.89801  2.37887  2.77519  2.98518  4.58477  3.61503
          0.02454  4.11572  4.83806  0.61958  0.77255  0.48576  0.95510
     48   2.97076  5.07623  3.04348  2.69243  4.33980  3.53106  3.79163  3.89109  2.31114  3.38063  4.30584  3.15464  4.02197  1.16827  2.45163  2.98695  3.22188  3.57746  5.48758  4.19206     80 q - - -
          2.68618  4.42225  2.77519  2.73123  3.46354  2.40513  3.72494  3.29354  2.67741  2.69355  4.24690  2.90347  2.73739  3.18146  2.89801  2.37887  2.77519  2.98518  4.58477  3.61503
          0.02454  4.11572  4.83806  0.61958  0.77255  0.48576  0.95510
     49   2.94447  5.02494  2.88371  2.62299  3.72954  3.50250  1.35655  3.80974  2.47594  3.33801  4.25331  2.97221  4.01354  2.84138  2.78163  2.95999  3.20580  3.49781  5.12673  3.62829     81 h - - -
          2.68618  4.42225  2.77519  2.73123  3.46354  2.40513  3.72494  3.29354  2.67741  2.69355  4.24690  2.90347  2.73739  3.18146  2.89801  2.37887  2.77519  2.98518  4.58477  3.61503
          0.02454  4.11572  4.83806  0.61958  0.77255  0.48576  0.95510
     50   1.24496  2.46406  4.03916  3.60389  3.88361  3.15507  4.36277  2.94505  3.50132  2.89832  3.83421  3.61036  3.85886  3.76090  3.72725  2.58345  2.63388  2.47572  5.37081  4.18899     82 a - - -
          2.68618  4.42225  2.77519  2.73123  3.46354  2.40513  3.72494  3.29354  2.67741  2.69355  4.24690  2.90347  2.73739  3.18146  2.89801  2.37887  2.77519  2.98518  4.58477  3.61503
          0.02454  4.11572  4.83806  0.61958  0.77255  0.48576  0.95510
     51   3.04822  5.17741  3.41945  2.80181  4.63792  3.67362  3.66859  3.98026  1.08230  3.44343  4.31009  3.21595  4.06033  2.80435  1.99676  3.04794  3.08494  3.65537  5.50878  4.32348     83 k - - -
          2.68618  4.42225  2.77519  2.73123  3.46354  2.40513  3.72494  3.29354  2.67741  2.69355  4.24690  2.90347  2.73739  3.18146  2.89801  2.37887  2.77519  2.98518  4.58477  3.61503
          0.02454  4.11572  4.83806  0.61958  0.77255  0.48576  0.95510
     52   3.17919  4.50329  4.86753  4.39926  3.56833  4.48782  5.10075  0.94376  4.25999  2.04243  3.38447  4.60574  4.81832  4.53293  4.44462  3.89917  3.45559  1.57980  5.57632  4.36619     84 i - - -
          2.68618  4.42225  2.77519  2.73123  3.46354  2.40513  3.72494  3.29354  2.67741  2.69355  4.24690  2.90347  2.73739  3.18146  2.89801  2.37887  2.77519  2.98518  4.58477  3.61503
          0.02454  4.11572  4.83806  0.61958  0.77255  0.48576  0.95510
     53   3.56845  4.85512  4.57375  4.23024  0.93613  4.35713  3.42722  3.37140  4.08006  2.76443  3.96452  4.05772  4.68036  4.09975  4.14542  3.57796  3.79325  3.25683  3.69324  1.63148     85 f - - -
          2.68618  4.42225  2.77519  2.73123  3.46354  2.40513  3.72494  3.29354  2.67741  2.69355  4.24690  2.90347  2.73739  3.18146  2.89801  2.37887  2.77519  2.98518  4.58477  3.61503
          0.02454  4.11572  4.83806  0.61958  0.77255  0.48576  0.95510
     54   3.10061  4.45950  4.75557  4.29128  3.64559  4.36315  5.02658  1.69540  4.15822  2.18099  3.47861  4.49359  4.74276  4.45780  4.36433  3.77238  3.38963  0.87882  5.59207  4.35443     86 v - - -
          2.68618  4.42225  2.77519  2.73123  3.46354  2.40513  3.72494  3.29354  2.67741  2.69355  4.24690  2.90347  2.73739  3.18146  2.89801  2.37887  2.77519  2.98518  4.58477  3.61503
          0.02454  4.11572  4.83806  0.61958  0.77255  0.48576  0.95510
     55   2.35452  4.32006  3.29015  3.06861  4.37385  3.04257  4.22322  3.82268  3.15642  3.52072  4.36256  3.14016  3.78316  3.48512  3.47421  0.97902  2.65026  3.28845  5.71278  4.44797     87 s - - -
          2.68618  4.42225  2.77519  2.73123  3.46354  2.40513  3.72494  3.29354  2.67741  2.69355  4.24690  2.90347  2.73739  3.18146  2.89801  2.37887  2.77519  2.98518  4.58477  3.61503
          0.02454  4.11572  4.83806  0.61958  0.77255  0.48576  0.95510
     56   2.92358  4.33978  4.44390  3.91713  3.42914  4.11461  4.58423  1.14709  3.79098  2.15923  3.38524  4.14583  4.48634  4.06448  4.00323  3.12425  3.18806  1.70325  5.23854  4.01424     88 i - - -
          2.68618  4.42225  2.77519  2.73123  3.46354  2.40513  3.72494  3.29354  2.67741  2.69355  4.24690  2.90347  2.73739  3.18146  2.89801  2.37887  2.77519  2.98518  4.58477  3.61503
          0.02454  4.11572  4.83806  0.61958  0.77255  0.48576  0.95510
     57   3.18833  4.61850  4.27663  3.82228  1.87262  4.10156  3.66562  3.01912  3.69601  2.49225  3.67300  3.88642  4.45314  3.84937  3.86345  3.42381  3.02539  2.88840  3.94290  1.18795     89 y - - -
          2.68618  4.42225  2.77519  2.73123  3.46354  2.40513  3.72494  3.29354  2.67741  2.69355  4.24690  2.90347  2.73739  3.18146  2.89801  2.37887  2.77519  2.98518  4.58477  3.61503
          0.02454  4.11572  4.83806  0.61958  0.77255  0.48576  0.95510
     58   2.10220  4.28145  3.33909  3.20299  4.50814  0.98093  4.37847  3.91219  3.39350  3.64251  4.49404  3.36979  3.78404  3.66867  3.68493  2.47299  2.84829  3.33223  5.84338  4.62724     90 g - - -
          2.68618  4.42225  2.77519  2.73123  3.46354  2.40513  3.72494  3.29354  2.67741  2.69355  4.24690  2.90347  2.73739  3.18146  2.89801  2.37887  2.77519  2.98518  4.58477  3.61503
          0.02454  4.11572  4.83806  0.61958  0.77255  0.48576  0.95510
     59   2.67239  5.01275  2.48001  2.20682  4.30316  3.37225  3.64860  3.74828  2.45101  3.30338  4.09945  2.81188  3.81892  2.63414  2.86720  2.42491  1.96589  3.37978  5.50224  4.12484     91 t - - -
          2.68618  4.42225  2.77519  2.73123  3.46354  2.40513  3.72494  3.29354  2.67741  2.69355  4.24690  2.90347  2.73739  3.18146  2.89801  2.37887  2.77519  2.98518  4.58477  3.61503
          0.02454  4.11572  4.83806  0.61958  0.77255  0.48576  0.95510
     60   2.70199  5.34665  1.94768  1.51225  4.65156  3.31456  3.71230  4.14511  2.59851  3.64109  4.43695  2.77753  3.11156  2.72499  3.13950  2.73314  3.08381  3.72248  5.79947  4.34512     92 e - - -
          2.68618  4.42225  2.77519  2.73123  3.46354  2.40513  3.72494  3.29354  2.67741  2.69355  4.24690  2.90347  2.73739  3.18146  2.89801  2.37887  2.77519  2.98518  4.58477  3.61503
          0.02454  4.11572  4.83806  0.61958  0.77255  0.48576  0.95510
     61   2.42812  5.05363  2.65909  1.66622  4.35083  3.33601  3.62895  3.67736  2.28880  3.34014  4.12428  2.82333  3.76478  2.69783  2.89378  2.60451  2.79321  3.42097  5.52152  4.13562     93 e - - -
          2.68618  4.42225  2.77519  2.73123  3.46354  2.40513  3.72494  3.29354  2.67741  2.69355  4.24690  2.90347  2.73739  3.18146  2.89801  2.37887  2.77519  2.98518  4.58477  3.61503
          0.02454  4.11572  4.83806  0.61958  0.77255  0.48576  0.95510
     62   1.81073  4.70458  2.80236  2.44232  3.94511  3.36570  3.69276  3.33483  2.44584  2.95702  3.81902  3.00539  3.84731  2.79393  2.97354  2.67242  2.86035  2.64805  5.25781  3.94710     94 a - - -
          2.68618  4.42225  2.77519  2.73123  3.46354  2.40513  3.72494  3.29354  2.67741  2.69355  4.24690  2.90347  2.73739  3.18146  2.89801  2.37887  2.77519  2.98518  4.58477  3.61503
          0.02454  4.11572  4.83806  0.61958  0.77255  0.48576  0.95510
     63   3.03990  5.22288  3.45509  2.76883  4.66806  3.69387  3.63087  3.91335  1.55838  3.45090  4.29691  3.19325  4.04728  2.45580  1.43873  2.97223  3.20533  3.68299  5.50039  4.31162     95 r - - -
          2.68618  4.42225  2.77519  2.73123  3.46354  2.40513  3.72494  3.29354  2.67741  2.69355  4.24690  2.90347  2.73739  3.18146  2.89801  2.37887  2.77519  2.98518  4.58477  3.61503
          0.02454  4.11572  4.83806  0.61958  0.77255  0.48576  0.95510
     64   2.11441  4.83994  2.77771  2.32084  4.09118  3.41502  3.55348  3.15698  2.27798  3.07002  3.88521  2.90860  3.80807  2.67791  2.80054  2.55935  2.64358  3.15197  5.33363  3.98967     96 a - - -
          2.68618  4.42225  2.77519  2.73123  3.46354  2.40513  3.72494  3.29354  2.67741  2.69355  4.24690  2.90347  2.73739  3.18146  2.89801  2.37887  2.77519  2.98518  4.58477  3.61503
          0.02454  4.11572  4.83806  0.61958  0.77255  0.48576  0.95510
     65   2.49602  4.92979  2.87483  1.69811  4.20707  3.40771  3.62591  3.60279  2.37578  3.08133  3.83871  2.90749  3.81864  2.51890  2.83817  2.59731  2.85358  3.23970  5.41284  4.05905     97 e - - -
          2.68618  4.42225  2.77519  2.73123  3.46354  2.40513  3.72494  3.29354  2.67741  2.69355  4.24690  2.90347  2.73739  3.18146  2.89801  2.37887  2.77519  2.98518  4.58477  3.61503
          0.02454  4.11572  4.83806  0.61958  0.77255  0.48576  0.95510
     66   2.31227  4.29433  3.76619  3.25851  3.69700  3.49541  4.16760  2.38374  3.18179  2.59876  3.61021  3.54724  4.03025  3.49752  3.49667  2.84646  1.57602  2.08331  5.23212  4.01007     98 t - - -
          2.68618  4.42225  2.77519  2.73123  3.46354  2.40513  3.72494  3.29354  2.67741  2.69355  4.24690  2.90347  2.73739  3.18146  2.89801  2.37887  2.77519  2.98518  4.58477  3.61503
          0.02454  4.11572  4.83806  0.61958  0.77255  0.48576  0.95510
     67   3.19560  4.59037  4.63368  4.07317  2.93779  4.37236  4.65423  2.24967  3.93977  1.48873  1.40377  4.34303  4.62138  4.10822  4.10871  3.70121  3.42545  2.18728  5.08944  3.93678     99 m - - -
          2.68618  4.42225  2.77519  2.73123  3.46354  2.40513  3.72494  3.29354  2.67741  2.69355  4.24690  2.90347  2.73739  3.18146  2.89801  2.37887  2.77519  2.98518  4.58477  3.61503
          0.02454  4.11572  4.83806  0.61958  0.77255  0.48576  0.95510
     68   2.04377  4.88200  2.76031  1.82117  4.17013  3.38834  3.65926  3.57768  2.46173  3.13785  3.84842  2.92511  3.82288  2.78691  2.92845  2.60329  2.88100  3.15981  5.41074  4.05927    100 e - - -
          2.68618  4.42225  2.77519  2.73123  3.46354  2.40513  3.72494  3.29354  2.67741  2.69355  4.24690  2.90347  2.73739  3.18146  2.89801  2.37887  2.77519  2.98518  4.58477  3.61503
          0.02454  4.11572  4.83806  0.61958  0.77255  0.48576  0.95510
     69   2.22022  4.40510  3.06429  2.91954  4.48622  1.11037  4.20368  3.93815  3.17130  3.60956  4.44619  2.83931  3.79762  3.45360  3.52470  2.55736  2.88945  3.38771  5.79659  4.53079    101 g - - -
          2.68618  4.42225  2.77519  2.73123  3.46354  2.40513  3.72494  3.29354  2.67741  2.69355  4.24690  2.90347  2.73739  3.18146  2.89801  2.37887  2.77519  2.98518  4.58477  3.61503
          0.02454  4.11572  4.83806  0.61958  0.77255  0.48576  0.95510
     70   3.43942  4.83349  4.57930  4.22707  3.24657  4.28835  4.80724  2.47057  3.99266  0.62458  3.20559  4.47906  4.68619  4.30196  4.12611  3.89820  3.72497  2.56979  5.20688  3.98408    102 L - - -
          2.68618  4.42225  2.77519  2.73123  3.46354  2.40513  3.72494  3.29354  2.67741  2.69355  4.24690  2.90347  2.73739  3.18146  2.89801  2.37887  2.77519  2.98518  4.58477  3.61503
          0.02454  4.11572  4.83806  0.61958  0.77255  0.48576  0.95510
     71   2.59224  5.11825  2.88977  2.04618  4.45986  3.34717  3.47510  3.90842  1.81398  3.39785  4.17234  2.76201  3.83466  2.48215  2.47905  2.67445  2.91381  3.50979  5.52893  4.16988    103 k - - -
          2.68618  4.42225  2.77519  2.73123  3.46354  2.40513  3.72494  3.29354  2.67741  2.69355  4.24690  2.90347  2.73739  3.18146  2.89801  2.37887  2.77519  2.98518  4.58477  3.61503
          0.02454  4.11572  4.83806  0.61958  0.77255  0.48576  0.95510
     72   1.77282  4.55924  2.93958  2.52980  4.15257  3.24253  3.86490  3.54769  2.74263  3.19827  4.03001  3.07940  3.81211  3.05945  3.17032  1.76898  2.65931  3.16484  5.45904  4.16126    104 s - - -
          2.68618  4.42225  2.77519  2.73123  3.46354  2.40513  3.72494  3.29354  2.67741  2.69355  4.24690  2.90347  2.73739  3.18146  2.89801  2.37887  2.77519  2.98518  4.58477  3.61503
          0.02454  4.11572  4.83806  0.61958  0.77255  0.48576  0.95510
     73   1.18356  3.70833  3.81455  3.38114  4.07997  3.06059  4.27833  3.35515  3.31536  3.15260  4.02042  3.46558  3.77957  3.59706  3.60048  1.92743  2.74028  2.70226  5.49072  4.29472    105 a - - -
          2.68618  4.42225  2.77519  2.73123  3.46354  2.40513  3.72494  3.29354  2.67741  2.69355  4.24690  2.90347  2.73739  3.18146  2.89801  2.37887  2.77519  2.98518  4.58477  3.61503
          0.02454  4.11572  4.83806  0.61958  0.77255  0.48576  0.95510
     74   2.44173  4.80499  3.00293  2.43236  4.07660  3.42842  3.64799  3.48717  2.16021  3.08720  3.90570  2.97919  3.83441  2.68675  2.75932  2.44805  2.11250  3.08386  5.32321  4.00087    106 t - - -
          2.68618  4.42225  2.77519  2.73123  3.46354  2.40513  3.72494  3.29354  2.67741  2.69355  4.24690  2.90347  2.73739  3.18146  2.89801  2.37887  2.77519  2.98518  4.58477  3.61503
          0.02454  4.11572  4.83806  0.61958  0.77255  0.48576  0.95510
     75   2.34531  4.48563  3.13607  2.72418  4.15953  1.76381  3.67150  3.58087  2.77478  3.21645  4.04090  3.10113  3.13392  3.10037  3.18754  2.11807  2.81798  3.01273  5.46593  4.18013    107 g - - -
          2.68618  4.42225  2.77519  2.73123  3.46354  2.40513  3.72494  3.29354  2.67741  2.69355  4.24690  2.90347  2.73739  3.18146  2.89801  2.37887  2.77519  2.98518  4.58477  3.61503
          0.02454  4.11572  4.83806  0.61958  0.77255  0.48576  0.95510
     76   3.44870  4.77806  4.50331  4.12791  1.23079  4.27765  3.55691  3.28111  3.99218  2.73133  3.89719  4.01345  4.61403  4.04039  4.08243  3.24377  3.67942  3.15090  3.74178  1.33388    108 f - - -
          2.68618  4.42225  2.77519  2.73123  3.46354  2.40513  3.72494  3.29354  2.67741  2.69355  4.24690  2.90347  2.73739  3.18146  2.89801  2.37887  2.77519  2.98518  4.58477  3.61503
          0.02454  4.11572  4.83806  0.61958  0.77255  0.48576  0.95510
     77   3.16478  4.46826  4.87359  4.35364  3.54773  4.53304  5.03340  1.64440  4.23762  1.83133  3.35486  4.58155  4.80996  4.48092  4.42691  3.90476  3.41859  1.00706  5.51778  4.32818    109 v - - -
          2.68618  4.42225  2.77519  2.73123  3.46354  2.40513  3.72494  3.29354  2.67741  2.69355  4.24690  2.90347  2.73739  3.18146  2.89801  2.37887  2.77519  2.98518  4.58477  3.61503
          0.02454  4.11572  4.83806  0.61958  0.77255  0.48576  0.95510
     78   3.16920  5.19436  3.61641  2.95956  4.65345  3.74398  3.71179  4.01725  1.81454  3.46807  4.36805  3.32976  4.13283  2.85909  1.01078  3.18237  3.34209  3.71408  5.49771  4.35175    110 r - - -
          2.68618  4.42225  2.77519  2.73123  3.46354  2.40513  3.72494  3.29354  2.67741  2.69355  4.24690  2.90347  2.73739  3.18146  2.89801  2.37887  2.77519  2.98518  4.58477  3.61503
          0.02454  4.11572  4.83806  0.61958  0.77255  0.48576  0.95510
     79   2.62414  4.95957  2.95509  2.42655  4.26662  2.80329  3.34792  3.69475  2.24260  3.24326  4.04108  2.92791  3.83598  2.65330  2.15674  2.21819  2.88436  3.33662  5.42695  4.08870    111 r - - -
          2.68618  4.42225  2.77519  2.73123  3.46354  2.40513  3.72494  3.29354  2.67741  2.69355  4.24690  2.90347  2.73739  3.18146  2.89801  2.37887  2.77519  2.98518  4.58477  3.61503
          0.02454  4.11572  4.83806  0.61958  0.77255  0.48576  0.95510
     80   2.72103  5.13142  2.57056  1.35840  4.44860  3.35516  3.58891  3.90146  2.52371  3.40823  4.26536  2.86231  3.86248  2.77153  2.98670  2.52220  2.91512  3.52630  5.63297  4.24560    112 e - - -
          2.68618  4.42225  2.77519  2.73123  3.46354  2.40513  3.72494  3.29354  2.67741  2.69355  4.24690  2.90347  2.73739  3.18146  2.89801  2.37887  2.77519  2.98518  4.58477  3.61503
          0.02454  4.11572  4.83806  0.61958  0.77255  0.48576  0.95510
     81   3.38996  4.71636  4.91205  4.39069  3.15779  4.62521  4.95321  1.87435  4.19810  0.82105  2.97888  4.65169  4.82981  4.37078  4.32865  4.01027  3.62532  2.21212  5.25721  4.12873    113 l - - -
          2.68618  4.42225  2.77519  2.73123  3.46354  2.40513  3.72494  3.29354  2.67741  2.69355  4.24690  2.90347  2.73739  3.18146  2.89801  2.37887  2.77519  2.98518  4.58477  3.61503
          0.02454  4.11572  4.83806  0.61958  0.77255  0.48576  0.95510
     82   2.15621  4.27575  3.31363  3.17880  4.51433  0.99224  4.36428  3.93729  3.37753  3.65353  4.49424  3.35079  3.77413  3.65027  3.67364  2.39513  2.83638  3.34287  5.84942  4.62607    114 g - - -
          2.68618  4.42225  2.77519  2.73123  3.46354  2.40513  3.72494  3.29354  2.67741  2.69355  4.24690  2.90347  2.73739  3.18146  2.89801  2.37887  2.77519  2.98518  4.58477  3.61503
          0.02454  4.11572  4.83806  0.61958  0.77255  0.48576  0.95510
     83   2.58796  5.07787  3.06591  2.49381  4.42146  3.50287  2.96360  3.83906  2.02838  3.34053  4.14062  2.99592  3.88746  2.03144  2.11370  2.70145  2.97660  3.47412  5.47123  4.16435    115 k - - -
          2.68618  4.42225  2.77519  2.73123  3.46354  2.40513  3.72494  3.29354  2.67741  2.69355  4.24690  2.90347  2.73739  3.18146  2.89801  2.37887  2.77519  2.98518  4.58477  3.61503
          0.02454  4.11572  4.83806  0.61958  0.77255  0.48576  0.95510
     84   3.12950  5.12881  3.56329  2.96263  4.43017  3.70853  3.56053  3.97043  2.01081  3.43018  4.34303  3.33325  4.12377  2.90509  0.97442  3.15737  3.32601  3.66853  5.42260  4.20545    116 r - - -
          2.68618  4.42225  2.77519  2.73123  3.46354  2.40513  3.72494  3.29354  2.67741  2.69355  4.24690  2.90347  2.73739  3.18146  2.89801  2.37887  2.77519  2.98518  4.58477  3.61503
          0.02454  4.11572  4.83806  0.61958  0.77255  0.48576  0.95510
     85   3.20258  4.49996  4.94398  4.38944  3.32151  4.54610  4.94363  1.51719  4.27563  1.33930  2.85977  4.59988  4.77054  4.41659  4.40258  3.89729  3.43633  1.57344  5.32008  4.21523    117 l - - -
          2.68618  4.42225  2.77519  2.73123  3.46354  2.40513  3.72494  3.29354  2.67741  2.69355  4.24690  2.90347  2.73739  3.18146  2.89801  2.37887  2.77519  2.98518  4.58477  3.61503
          0.02454  4.11572  4.83806  0.61958  0.77255  0.48576  0.95510
     86   2.74837  5.08652  2.98783  2.34174  4.42735  3.38349  3.57533  3.84878  2.14712  3.35365  4.15287  2.90078  3.87985  2.39243  1.78950  2.46251  2.97749  3.48054  5.49078  4.17291    118 r - - -
          2.68618  4.42225  2.77519  2.73123  3.46354  2.40513  3.72494  3.29354  2.67741  2.69355  4.24690  2.90347  2.73739  3.18146  2.89801  2.37887  2.77519  2.98518  4.58477  3.61503
          0.02454  4.11572  4.83806  0.61958  0.77255  0.48576  0.95510
     87   3.39851  4.74575  4.87179  4.32368  3.08783  4.59778  4.88276  2.26004  4.12531  0.83758  2.14403  4.60016  4.78488  4.28097  4.25220  3.96247  3.62269  2.41799  5.19156  4.10896    119 l - - -
          2.68618  4.42225  2.77519  2.73123  3.46354  2.40513  3.72494  3.29354  2.67741  2.69355  4.24690  2.90347  2.73739  3.18146  2.89801  2.37887  2.77519  2.98518  4.58477  3.61503
          0.02454  4.11572  4.83806  0.61958  0.77255  0.48576  0.95510
     88   3.30066  5.10898  3.81810  3.28669  4.52644  3.73275  4.03023  4.09113  2.37540  3.56297  4.56269  3.62467  4.22885  3.24363  0.66308  3.37679  3.55343  3.80598  5.51388  4.40742    120 R - - -
          2.68618  4.42225  2.77519  2.73123  3.46354  2.40513  3.72494  3.29354  2.67741  2.69355  4.24690  2.90347  2.73739  3.18146  2.89801  2.37887  2.77519  2.98518  4.58477  3.61503
          0.02454  4.11572  4.83806  0.61958  0.77255  0.48576  0.95510
     89   3.01916  5.03668  3.47489  2.86151  3.99295  3.69204  3.48188  3.75392  2.09003  3.25285  4.15924  3.26323  4.07656  2.88015  1.15368  3.05351  3.21122  3.47191  5.20239  3.50279    121 r - - -
          2.68618  4.42225  2.77519  2.73123  3.46354  2.40513  3.72494  3.29354  2.67741  2.69355  4.24690  2.90347  2.73739  3.18146  2.89801  2.37887  2.77519  2.98518  4.58477  3.61503
          0.02454  4.11572  4.83806  0.61958  0.77255  0.48576  0.95510
     90   2.04389  4.22853  3.63079  3.19432  3.99744  3.15264  4.16196  3.20700  3.14811  3.04115  3.92702  3.39939  3.82003  3.45655  3.46586  2.31633  1.41266  2.51255  5.41086  4.19467    122 t - - -
          2.68618  4.42225  2.77519  2.73123  3.46354  2.40513  3.72494  3.29354  2.67741  2.69355  4.24690  2.90347  2.73739  3.18146  2.89801  2.37887  2.77519  2.98518  4.58477  3.61503
          0.02454  4.11572  4.83806  0.61958  0.77255  0.48576  0.95510
     91   3.10772  4.81698  3.74227  3.62138  4.58441  3.49107  4.67290  4.20006  3.70104  3.79723  4.86193  3.90040  0.47837  4.08214  3.91302  3.28431  3.56964  3.81627  5.69693  4.71052    123 P - - -
          2.68618  4.42225  2.77519  2.73123  3.46354  2.40513  3.72494  3.29354  2.67741  2.69355  4.24690  2.90347  2.73739  3.18146  2.89801  2.37887  2.77519  2.98518  4.58477  3.61503
          0.02454  4.11572  4.83806  0.61958  0.77255  0.48576  0.95510
     92   2.90503  5.27819  2.33738  1.09350  4.63444  3.31481  3.81755  4.05156  2.72344  3.64351  4.50655  2.83549  3.90415  2.98553  3.22081  2.84932  2.94449  3.67271  5.83759  4.41161    124 e - - -
          2.68618  4.42225  2.77519  2.73123  3.46354  2.40513  3.72494  3.29354  2.67741  2.69355  4.24690  2.90347  2.73739  3.18146  2.89801  2.37887  2.77519  2.98518  4.58477  3.61503
          0.02454  4.11572  4.83806  0.61958  0.77255  0.48576  0.95510
     93   3.18214  4.46124  4.97105  4.46193  3.61763  4.60011  5.14843  1.31294  4.35646  2.01982  3.40958  4.67378  4.87021  4.60055  4.54017  3.98389  3.43825  1.09677  5.60788  4.41365    125 v - - -
          2.68618  4.42225  2.77519  2.73123  3.46354  2.40513  3.72494  3.29354  2.67741  2.69355  4.24690  2.90347  2.73739  3.18146  2.89801  2.37887  2.77519  2.98518  4.58477  3.61503
          0.02454  4.11572  4.83806  0.61958  0.77255  0.48576  0.95510
     94   2.50067  4.15045  3.75717  3.18082  3.26849  3.62841  3.78978  2.22830  3.04909  2.18717  3.14160  3.49355  4.00304  3.29824  3.23650  2.67137  2.73992  1.94114  4.75643  3.54897    126 v - - -
          2.68618  4.42225  2.77519  2.73123  3.46354  2.40513  3.72494  3.29354  2.67741  2.69355  4.24690  2.90347  2.73739  3.18146  2.89801  2.37887  2.77519  2.98518  4.58477  3.61503
          0.02454  4.11572  4.83806  0.61958  0.77255  0.48576  0.95510
     95   3.58505  4.91737  4.57379  4.34058  0.68425  4.20489  4.00951  3.08601  4.24330  2.40257  3.78375  4.30225  4.66258  4.34546  4.30250  3.83807  3.88863  3.09357  4.19784  2.53905    127 F - - -
          2.68618  4.42225  2.77519  2.73123  3.46354  2.40513  3.72494  3.29354  2.67741  2.69355  4.24690  2.90347  2.73739  3.18146  2.89801  2.37887  2.77519  2.98518  4.58477  3.61503
          0.02454  4.11572  4.83806  0.61958  0.77255  0.48576  0.95510
     96   2.58612  4.31903  3.34256  2.77558  3.43371  3.53034  3.44103  2.68789  2.34691  2.34287  3.48872  3.21292  3.91148  2.88714  2.92234  2.76613  2.81706  2.32662  4.95745  3.42023    128 v - - -
          2.68618  4.42225  2.77519  2.73123  3.46354  2.40513  3.72494  3.29354  2.67741  2.69355  4.24690  2.90347  2.73739  3.18146  2.89801  2.37887  2.77519  2.98518  4.58477  3.61503
          0.02454  4.11572  4.83806  0.61958  0.77255  0.48576  0.95510
     97   2.66846  4.98588  2.65814  1.66662  4.24709  3.39518  3.53656  3.57248  2.41830  2.74185  4.05411  2.89362  3.82381  2.59680  2.88470  2.66187  2.90404  3.33498  5.45405  4.08561    129 e - - -
          2.68618  4.42225  2.77519  2.73123  3.46354  2.40513  3.72494  3.29354  2.67741  2.69355  4.24690  2.90347  2.73739  3.18146  2.89801  2.37887  2.77519  2.98518  4.58477  3.61503
          0.02454  4.11572  4.83806  0.61958  0.77255  0.48576  0.95510
     98   3.27052  5.41446  0.62334  2.52107  4.82875  3.41270  4.17133  4.47650  3.30538  4.04380  5.03400  3.08717  4.08317  3.41556  3.84958  3.20998  3.61657  4.09185  5.94781  4.67016    130 D - - -
          2.68618  4.42225  2.77519  2.73123  3.46354  2.40513  3.72494  3.29354  2.67741  2.69355  4.24690  2.90347  2.73739  3.18146  2.89801  2.37887  2.77519  2.98518  4.58477  3.61503
          0.02454  4.11572  4.83806  0.61958  0.77255  0.48576  0.95510
     99   2.66044  4.77767  3.04886  2.49704  4.08661  3.47348  3.33999  3.46720  2.22838  3.00510  3.77218  2.95586  3.82674  2.78552  1.84854  2.64536  2.85630  2.94611  5.30801  4.00053    131 r - - -
          2.68618  4.42225  2.77519  2.73123  3.46354  2.40513  3.72494  3.29354  2.67741  2.69355  4.24690  2.90347  2.73739  3.18146  2.89801  2.37887  2.77519  2.98518  4.58477  3.61503
          0.02454  4.11572  4.83806  0.61958  0.77255  0.48576  0.95510
    100   2.23562  4.25852  3.45583  3.11179  4.30791  2.06039  4.19608  3.71083  3.15137  3.39973  4.22468  3.31933  3.75613  3.44817  3.49212  1.29643  2.76711  2.84875  5.64647  4.41636    132 s - - -
          2.68618  4.42225  2.77519  2.73123  3.46354  2.40513  3.72494  3.29354  2.67741  2.69355  4.24690  2.90347  2.73739  3.18146  2.89801  2.37887  2.77519  2.98518  4.58477  3.61503
          0.02454  4.11572  4.83806  0.61958  0.77255  0.48576  0.95510
    101   3.29846  4.60945  4.98591  4.40776  2.53278  4.56376  4.84211  1.85868  4.28199  0.98529  2.61525  4.61587  4.74170  4.32918  4.35545  3.90348  3.51466  2.28304  5.11583  4.03839    133 l - - -
          2.68618  4.42225  2.77519  2.73123  3.46354  2.40513  3.72494  3.29354  2.67741  2.69355  4.24690  2.90347  2.73739  3.18146  2.89801  2.37887  2.77519  2.98518  4.58477  3.61503
          0.02454  4.11572  4.83806  0.61958  0.77255  0.48576  0.95510
    102   2.88377  5.42773  2.12373  1.12935  4.73468  3.29753  3.79046  4.21259  2.73923  3.73958  4.57998  2.77209  3.88881  2.91311  3.28750  2.84188  3.09171  3.80535  5.91595  4.44655    134 e - - -
          2.68618  4.42225  2.77519  2.73123  3.46354  2.40513  3.72494  3.29354  2.67741  2.69355  4.24690  2.90347  2.73739  3.18146  2.89801  2.37887  2.77519  2.98518  4.58477  3.61503
          0.02454  4.11572  4.83806  0.61958  0.77255  0.48576  0.95510
    103   2.91148  5.17764  3.22510  2.30714  4.57755  3.55625  3.61997  3.96018  1.71424  3.26481  4.24164  3.08774  3.96989  2.63884  1.60220  2.89175  3.10012  3.60628  5.50353  4.25572    135 r - - -
          2.68618  4.42225  2.77519  2.73123  3.46354  2.40513  3.72494  3.29354  2.67741  2.69355  4.24690  2.90347  2.73739  3.18146  2.89801  2.37887  2.77519  2.98518  4.58477  3.61503
          0.02454  4.11572  4.83806  0.61958  0.77255  0.48576  0.95510
    104   2.46720  4.46163  3.41860  3.32419  4.57791  0.71420  4.49826  4.06985  3.53490  3.77268  4.68622  3.52799  3.92009  3.82953  3.79914  2.74214  3.07801  3.52521  5.81864  4.68648    136 g - - -
          2.68618  4.42225  2.77519  2.73123  3.46354  2.40513  3.72494  3.29354  2.67741  2.69355  4.24690  2.90347  2.73739  3.18146  2.89801  2.37887  2.77519  2.98518  4.58477  3.61503
          0.02454  4.11572  4.83806  0.61958  0.77255  0.48576  0.95510
    105   2.49046  4.82399  2.42951  2.41947  4.10595  3.39643  3.63765  3.48969  2.43460  2.96165  3.84930  2.71815  3.68967  2.78218  2.90194  2.50977  2.22041  3.12229  5.35290  4.00889    137 t - - -
          2.68618  4.42225  2.77519  2.73123  3.46354  2.40513  3.72494  3.29354  2.67741  2.69355  4.24690  2.90347  2.73739  3.18146  2.89801  2.37887  2.77519  2.98518  4.58477  3.61503
          0.02454  4.11572  4.83806  0.61958  0.77255  0.48576  0.95510
    106   2.68501  5.06746  2.95329  2.33712  4.40224  3.45428  3.60107  3.83584  1.86717  3.34207  4.12791  2.87811  3.84808  2.58015  2.15815  2.32747  2.81337  3.45625  5.48454  4.14628    138 k - - -
          2.68618  4.42225  2.77519  2.73123  3.46354  2.40513  3.72494  3.29354  2.67741  2.69355  4.24690  2.90347  2.73739  3.18146  2.89801  2.37887  2.77519  2.98518  4.58477  3.61503
          0.02454  4.11572  4.83806  0.61958  0.77255  0.48576  0.95510
    107   3.00182  4.36597  4.60282  4.05049  3.44140  4.26764  4.68373  1.80290  3.93604  2.01865  2.55696  4.28030  4.57704  4.16728  4.12661  3.60032  3.06287  1.17632  5.26140  4.08991    139 v - - -
          2.68618  4.42225  2.77519  2.73123  3.46354  2.40513  3.72494  3.29354  2.67741  2.69355  4.24690  2.90347  2.73739  3.18146  2.89801  2.37887  2.77519  2.98518  4.58477  3.61503
          0.02454  4.11572  4.83806  0.61958  0.77255  0.48576  0.95510
    108   3.01532  4.43628  4.47445  3.92585  3.29224  4.18405  4.56802  1.93709  3.77460  1.09987  3.14870  4.17906  4.50624  4.01966  3.96856  3.38423  3.15645  1.97821  5.14923  3.98901    140 l - - -
          2.68618  4.42225  2.77519  2.73123  3.46354  2.40513  3.72494  3.29354  2.67741  2.69355  4.24690  2.90347  2.73739  3.18146  2.89801  2.37887  2.77519  2.98518  4.58477  3.61503
          0.02454  4.11572  4.83806  0.61958  0.77255  0.48576  0.95510
    109   2.55683  4.99255  2.74102  2.32481  4.28758  3.01538  3.14153  3.70493  2.28274  3.25617  4.00729  2.66466  3.79145  2.62422  2.79563  2.10159  2.81322  3.35706  5.45766  4.07952    141 s - - -
          2.68618  4.42225  2.77519  2.73123  3.46354  2.40513  3.72494  3.29354  2.67741  2.69355  4.24690  2.90347  2.73739  3.18146  2.89801  2.37887  2.77519  2.98518  4.58477  3.61503
          0.02454  4.11572  4.83806  0.61958  0.77255  0.48576  0.95510
    110   3.39222  4.76598  4.76687  4.29026  2.91534  4.51172  4.76555  2.28512  4.10199  0.73649  2.98772  4.53314  4.76927  4.28444  4.23996  3.91363  3.64130  2.38404  5.06978  3.79895    142 l - - -
          2.68618  4.42225  2.77519  2.73123  3.46354  2.40513  3.72494  3.29354  2.67741  2.69355  4.24690  2.90347  2.73739  3.18146  2.89801  2.37887  2.77519  2.98518  4.58477  3.61503
          0.02454  4.11572  4.83806  0.61958  0.77255  0.48576  0.95510
    111   3.36264  4.67062  4.96101  4.43177  3.19904  4.64346  4.99127  1.61578  4.25987  0.94447  3.00717  4.68071  4.84157  4.41603  4.38494  4.02253  3.59662  2.10970  5.29250  4.17660    143 l - - -
          2.68618  4.42225  2.77519  2.73123  3.46354  2.40513  3.72494  3.29354  2.67741  2.69355  4.24690  2.90347  2.73739  3.18146  2.89801  2.37887  2.77519  2.98518  4.58477  3.61503
          0.02454  4.11572  4.83806  0.61958  0.77255  0.48576  0.95510
    112   2.85963  5.34447  2.11977  2.15684  4.64817  3.04625  3.68353  4.13829  2.65817  3.64998  4.46429  1.51985  3.86410  2.76452  3.19875  2.66817  3.12742  3.72838  5.82106  4.36989    144 n - - -
          2.68618  4.42225  2.77519  2.73123  3.46354  2.40513  3.72494  3.29354  2.67741  2.69355  4.24690  2.90347  2.73739  3.18146  2.89801  2.37887  2.77519  2.98518  4.58477  3.61503
          0.02454  4.11572  4.83806  0.61958  0.77255  0.48576  0.95510
    113   2.64456  5.12764  2.68153  2.19061  4.46593  3.41049  3.53270  3.92420  1.99200  3.41219  4.18021  2.86442  3.82068  2.08841  2.44101  2.63882  2.91584  3.51686  5.54513  4.17034    145 k - - -
          2.68618  4.42225  2.77519  2.73123  3.46354  2.40513  3.72494  3.29354  2.67741  2.69355  4.24690  2.90347  2.73739  3.18146  2.89801  2.37887  2.77519  2.98518  4.58477  3.61503
          0.02454  4.11572  4.83806  0.61958  0.77255  0.48576  0.95510
    114   3.37100  4.68245  4.95315  4.42468  3.18723  4.64247  4.98433  1.68216  4.24904  0.90731  2.99699  4.67692  4.84003  4.40636  4.37462  4.02229  3.60475  2.13610  5.28386  4.16757    146 l - - -
          2.68618  4.42225  2.77519  2.73123  3.46354  2.40513  3.72494  3.29354  2.67741  2.69355  4.24690  2.90347  2.73739  3.18146  2.89801  2.37887  2.77519  2.98518  4.58477  3.61503
          0.02454  4.11572  4.83806  0.61958  0.77255  0.48576  0.95510
    115   2.64575  5.06062  2.77003  1.96447  4.37140  3.16423  3.56177  3.83012  2.22005  3.34799  4.11874  2.82199  3.75267  2.64494  2.62135  2.16762  2.79243  3.43441  5.51143  4.12567    147 e - - -
          2.68618  4.42225  2.77519  2.73123  3.46354  2.40513  3.72494  3.29354  2.67741  2.69355  4.24690  2.90347  2.73739  3.18146  2.89801  2.37887  2.77519  2.98518  4.58477  3.61503
          0.02454  4.11572  4.83806  0.61958  0.77255  0.48576  0.95510
    116   2.33851  4.95507  2.73490  2.25051  4.24184  3.38071  3.42449  3.54340  2.35120  3.14070  4.01204  2.74238  3.60059  2.40364  2.66347  2.55903  2.79580  3.31411  5.42368  3.55069    148 e - - -
          2.68618  4.42225  2.77519  2.73123  3.46354  2.40513  3.72494  3.29354  2.67741  2.69355  4.24690  2.90347  2.73739  3.18146  2.89801  2.37887  2.77519  2.98518  4.58477  3.61503
          0.02454  4.11572  4.83806  0.61958  0.77255  0.48576  0.95510
    117   2.63929  5.15256  2.50903  1.72946  4.47111  3.36353  3.57059  3.94588  2.20403  3.40778  4.20853  2.64265  3.71857  2.58441  2.82735  2.63738  2.77481  3.53049  5.59259  4.18404    149 e - - -
          2.68618  4.42225  2.77519  2.73123  3.46354  2.40513  3.72494  3.29354  2.67741  2.69355  4.24690  2.90347  2.73739  3.18146  2.89801  2.37887  2.77519  2.98518  4.58477  3.61503
          0.02454  4.11572  4.83806  0.61958  0.77255  0.48576  0.95510
    118   2.64105  4.94975  2.90190  2.33481  4.13603  3.36034  3.48242  3.55744  2.31398  3.21914  4.02030  2.80058  3.69715  2.73431  1.77626  2.65787  2.89447  3.31300  5.40959  4.07228    150 r - - -
          2.68618  4.42225  2.77519  2.73123  3.46354  2.40513  3.72494  3.29354  2.67741  2.69355  4.24690  2.90347  2.73739  3.18146  2.89801  2.37887  2.77519  2.98518  4.58477  3.61503
          0.02454  4.11572  4.83806  0.61958  0.77255  0.48576  0.95510
    119   2.39747  5.04588  2.71703  2.18637  4.36016  3.36682  3.55372  3.82336  2.14332  3.32196  4.09749  2.83422  3.19693  2.35923  2.70643  2.53414  2.78923  3.37529  5.49544  4.10555    151 k - - -
          2.68618  4.42225  2.77519  2.73123  3.46354  2.40513  3.72494  3.29354  2.67741  2.69355  4.24690  2.90347  2.73739  3.18146  2.89801  2.37887  2.77519  2.98518  4.58477  3.61503
          0.02454  4.11572  4.83806  0.61958  0.77255  0.48576  0.95510
    120   2.43754  4.99508  2.79713  2.04349  4.29334  3.38693  3.58729  3.69105  2.33098  3.23820  4.05043  2.72518  3.17245  2.50563  2.76825  2.47020  2.73033  3.31758  5.45699  3.95036    152 e - - -
          2.68618  4.42225  2.77519  2.73123  3.46354  2.40513  3.72494  3.29354  2.67741  2.69355  4.24690  2.90347  2.73739  3.18146  2.89801  2.37887  2.77519  2.98518  4.58477  3.61503
          0.02575  4.11572  4.69845  0.61958  0.77255  0.48576  0.95510
    121   2.56808  5.03284  2.77418  2.12722  4.27697  3.29949  3.33706  3.77087  2.00237  3.22747  4.08368  2.85600  3.78602  2.64587  2.44575  2.51167  2.81916  3.37347  5.48003  4.05505    153 k - - -
          2.68618  4.42225  2.77519  2.73123  3.46354  2.40513  3.72494  3.29354  2.67741  2.69355  4.24690  2.90347  2.73739  3.18146  2.89801  2.37887  2.77519  2.98518  4.58477  3.61503
          0.02456  4.11453  4.83688  0.61958  0.77255  0.48715  0.95290
    122   2.47477  5.00452  2.56208  2.05379  4.06394  2.98926  3.58723  3.66044  2.34222  3.23598  4.01503  2.64152  3.74660  2.61277  2.83423  2.45355  2.81773  3.33656  5.46604  4.08169    154 e - - -
          2.68618  4.42225  2.77519  2.73123  3.46354  2.40513  3.72494  3.29354  2.67741  2.69355  4.24690  2.90347  2.73739  3.18146  2.89801  2.37887  2.77519  2.98518  4.58477  3.61503
          0.02456  4.11453  4.83688  0.61958  0.77255  0.48715  0.95290
    123   2.52994  4.84710  2.77100  2.03717  3.98942  3.27738  3.59262  3.43154  2.38408  2.75198  3.85698  2.90937  3.66756  2.63645  2.86093  2.57603  2.67569  3.01183  5.33926  3.99180    155 e - - -
          2.68618  4.42225  2.77519  2.73123  3.46354  2.40513  3.72494  3.29354  2.67741  2.69355  4.24690  2.90347  2.73739  3.18146  2.89801  2.37887  2.77519  2.98518  4.58477  3.61503
          0.03942  4.11453  3.80248  0.61958  0.77255  0.48715  0.95290
    124   2.49990  4.89941  2.64880  2.15826  4.16889  3.38366  3.50581  3.22903  2.34635  3.02259  3.96164  2.77671  3.55084  2.66379  2.84940  2.52367  2.56778  3.13675  5.38034  3.99810    156 e - - -
          2.68618  4.42225  2.77519  2.73123  3.46354  2.40513  3.72494  3.29354  2.67741  2.69355  4.24690  2.90347  2.73739  3.18146  2.89801  2.37887  2.77519  2.98518  4.58477  3.61503
          0.02493  4.10004  4.82239  0.61958  0.77255  0.50372  0.92705
    125   2.50360  4.96182  2.53384  2.14831  4.22345  3.16217  3.58292  3.60054  2.31560  3.11759  3.86826  2.86020  3.38341  2.61266  2.78717  2.41799  2.76385  3.28870  5.31977  3.97623    157 e - - -
          2.68618  4.42225  2.77519  2.73123  3.46354  2.40513  3.72494  3.29354  2.67741  2.69355  4.24690  2.90347  2.73739  3.18146  2.89801  2.37887  2.77519  2.98518  4.58477  3.61503
          0.03545  4.10004  4.00302  0.61958  0.77255  0.50016  0.93250
    126   2.36764  4.93440  2.70579  2.13022  4.21554  3.26290  3.59365  3.51102  2.28825  3.20005  3.99634  2.82744  3.15872  2.68974  2.84399  2.46293  2.81528  3.05742  5.41038  4.00660    158 e - - -
          2.68618  4.42225  2.77519  2.73123  3.46354  2.40513  3.72494  3.29354  2.67741  2.69355  4.24690  2.90347  2.73739  3.18146  2.89801  2.37887  2.77519  2.98518  4.58477  3.61503
          0.03568  4.09170  3.99872  0.61958  0.77255  0.51302  0.91300
    127   2.53865  4.99308  2.50092  1.94349  4.11753  2.91901  3.52916  3.65442  2.35120  3.19875  4.02895  2.82836  3.65545  2.68118  2.84396  2.52798  2.78953  3.33673  5.45874  4.07625    159 e - - -
          2.68618  4.42225  2.77519  2.73123  3.46354  2.40513  3.72494  3.29354  2.67741  2.69355  4.24690  2.90347  2.73739  3.18146  2.89801  2.37887  2.77519  2.98518  4.58477  3.61503
          0.03360  4.08143  4.12540  0.61958  0.77255  0.52427  0.89646
    128   2.40546  4.89166  2.71639  2.18461  4.00325  3.26482  3.56335  3.56346  2.35707  3.09639  3.83893  2.88504  3.64720  2.52998  2.84143  2.35551  2.70564  3.18945  5.37267  3.83344    160 e - - -
          2.68618  4.42225  2.77519  2.73123  3.46354  2.40513  3.72494  3.29354  2.67741  2.69355  4.24690  2.90347  2.73739  3.18146  2.89801  2.37887  2.77519  2.98518  4.58477  3.61503
          0.04250  4.07344  3.70543  0.61958  0.77255  0.53285  0.88414
    129   2.46386  4.99579  2.56109  2.08016  4.24083  3.17463  3.57457  3.64740  2.25265  3.25587  4.05101  2.75741  3.58806  2.61807  2.82149  2.42556  2.76905  3.27009  5.45642  4.03737    161 e - - -
          2.68618  4.42225  2.77519  2.73123  3.46354  2.40513  3.72494  3.29354  2.67741  2.69355  4.24690  2.90347  2.73739  3.18146  2.89801  2.37887  2.77519  2.98518  4.58477  3.61503
          0.10624  4.05698  2.48301  0.61958  0.77255  0.53545  0.88046
    130   2.51743  4.84219  2.71102  2.05440  4.03113  3.28065  3.58841  3.51512  2.36678  3.02934  3.86304  2.87212  3.65248  2.67403  2.84751  2.39419  2.76127  2.92698  5.33547  3.98331    162 e - - -
          2.68618  4.42225  2.77519  2.73123  3.46354  2.40513  3.72494  3.29354  2.67741  2.69355  4.24690  2.90347  2.73739  3.18146  2.89801  2.37887  2.77519  2.98518  4.58477  3.61503
          0.08759  3.98781  2.72838  0.61958  0.77255  0.58588  0.81332
    131   2.49726  4.78175  2.77803  2.24546  3.99984  3.31521  3.56132  3.40801  2.37404  2.98005  3.79018  2.84279  3.32257  2.65805  2.84342  2.39785  2.66251  3.01600  4.98161  3.93985    163 e - - -
          2.68618  4.42225  2.77519  2.73123  3.46354  2.40513  3.72494  3.29354  2.67741  2.69355  4.24690  2.90347  2.73739  3.18146  2.89801  2.37887  2.77519  2.98518  4.58477  3.61503
          0.05386  3.94952  3.40608  0.61958  0.77255  0.64137  0.74775
    132   2.47143  4.83948  2.69061  2.10004  4.07586  3.18530  3.51221  3.48433  2.35681  2.92832  3.90644  2.82678  3.60421  2.65870  2.82851  2.51891  2.71872  3.15854  5.22946  3.89902    164 e - - -
          2.68618  4.42225  2.77519  2.73123  3.46354  2.40513  3.72494  3.29354  2.67741  2.69355  4.24690  2.90347  2.73739  3.18146  2.89801  2.37887  2.77519  2.98518  4.58477  3.61503
          0.06483  3.93085  3.14316  0.61958  0.77255  0.65941  0.72807
    133   2.50893  4.93695  2.57587  2.16009  4.22387  3.09900  3.56211  3.64261  2.33933  3.21853  4.00323  2.77419  3.51953  2.39442  2.78827  2.51164  2.74304  3.28291  5.30946  3.99728    165 e - - -
          2.68618  4.42225  2.77519  2.73123  3.46354  2.40513  3.72494  3.29354  2.67741  2.69355  4.24690  2.90347  2.73739  3.18146  2.89801  2.37887  2.77519  2.98518  4.58477  3.61503
          0.09895  3.90048  2.60399  0.61958  0.77255  0.66740  0.71957
    134   2.45566  4.48118  2.82015  2.41375  3.76406  3.35052  3.55145  3.11506  2.47115  2.51621  3.55610  2.93871  3.63284  2.80473  2.90728  2.53212  2.72588  2.84438  5.10082  3.69215    166 e - - -
          2.68596  4.42293  2.77434  2.73045  3.46403  2.40544  3.72351  3.29365  2.67778  2.69373  4.24744  2.90342  2.73773  3.18156  2.89866  2.37857  2.77468  2.98569  4.58545  3.61570
          0.42892  1.05330        *  2.50956  0.08480  0.00000        *
//
