HMMER3/f [3.1b2 | February 2015]
NAME  1G152.faa.final_tree.fa
LENG  196
ALPH  amino
RF    no
MM    no
CONS  yes
CS    no
MAP   yes
DATE  Fri Aug  3 14:18:46 2018
NSEQ  146
EFFN  0.842102
CKSUM 709439297
STATS LOCAL MSV      -10.7864  0.70557
STATS LOCAL VITERBI  -11.2282  0.70557
STATS LOCAL FORWARD   -4.6763  0.70557
HMM          A        C        D        E        F        G        H        I        K        L        M        N        P        Q        R        S        T        V        W        Y   
            m->m     m->i     m->d     i->m     i->i     d->m     d->d
  COMPO   2.55392  4.67545  2.92519  2.58581  3.40217  3.07812  3.53576  2.76614  2.53444  2.54546  3.66043  2.98907  3.56162  2.99346  2.80881  2.71336  2.87093  2.56655  5.12573  3.37432
          2.68619  4.42229  2.77520  2.73124  3.46351  2.40510  3.72498  3.29358  2.67739  2.69353  4.24654  2.90350  2.73743  3.18145  2.89804  2.37888  2.77520  2.98518  4.58481  3.61499
          0.06528  2.97502  4.41082  1.14847  0.38144  0.00000        *
      1   3.00919  4.57518  4.18567  3.77322  3.31687  3.92560  4.50478  2.44781  3.52836  1.87586  1.18271  4.02259  4.39510  3.90563  3.72754  3.36548  3.22753  2.44831  5.18563  3.96568     11 m - - -
          2.68618  4.42225  2.77519  2.73123  3.46354  2.40513  3.72494  3.29354  2.67741  2.69355  4.24690  2.90347  2.73739  3.18146  2.89801  2.37887  2.77519  2.98518  4.58477  3.61503
          0.02514  4.09175  4.81410  0.61958  0.77255  0.49021  0.94803
      2   3.05421  5.21577  3.28481  2.73622  4.64656  3.65072  3.65447  4.01815  1.08525  3.46493  4.32650  3.11985  4.04505  2.61882  2.12707  3.03941  3.23376  3.68835  5.51588  4.31557     12 k - - -
          2.68618  4.42225  2.77519  2.73123  3.46354  2.40513  3.72494  3.29354  2.67741  2.69355  4.24690  2.90347  2.73739  3.18146  2.89801  2.37887  2.77519  2.98518  4.58477  3.61503
          0.02514  4.09175  4.81410  0.61958  0.77255  0.49021  0.94803
      3   3.00514  4.40536  4.52265  3.94457  2.80169  4.16452  4.40188  2.15736  3.81131  1.05088  2.96835  4.15528  4.44412  3.96433  3.95206  3.47444  3.13911  2.29315  4.25950  3.65860     13 l - - -
          2.68618  4.42225  2.77519  2.73123  3.46354  2.40513  3.72494  3.29354  2.67741  2.69355  4.24690  2.90347  2.73739  3.18146  2.89801  2.37887  2.77519  2.98518  4.58477  3.61503
          0.02514  4.09175  4.81410  0.61958  0.77255  0.49021  0.94803
      4   2.78110  4.31930  4.30572  3.77511  3.43388  3.99843  4.46234  2.04472  3.63941  1.62746  3.33299  4.01743  4.38649  3.92216  3.85952  3.16945  3.12783  1.36139  5.16112  3.95518     14 v - - -
          2.68618  4.42225  2.77519  2.73123  3.46354  2.40513  3.72494  3.29354  2.67741  2.69355  4.24690  2.90347  2.73739  3.18146  2.89801  2.37887  2.77519  2.98518  4.58477  3.61503
          0.02514  4.09175  4.81410  0.61958  0.77255  0.49021  0.94803
      5   3.18204  4.52075  4.79114  4.32768  3.48373  4.45371  5.00861  0.94608  4.15380  1.94314  3.33160  4.54608  4.78445  4.44691  4.33719  3.86470  3.45715  1.71735  5.48509  4.25312     15 i - - -
          2.68618  4.42225  2.77519  2.73123  3.46354  2.40513  3.72494  3.29354  2.67741  2.69355  4.24690  2.90347  2.73739  3.18146  2.89801  2.37887  2.77519  2.98518  4.58477  3.61503
          0.02514  4.09175  4.81410  0.61958  0.77255  0.49021  0.94803
      6   2.88528  5.07694  2.91541  2.54442  4.03873  3.50058  2.07409  3.83023  2.31639  3.33695  4.21026  3.03804  3.95680  1.79315  2.63755  2.88020  3.11681  3.50312  5.30253  3.88728     16 q - - -
          2.68618  4.42225  2.77519  2.73123  3.46354  2.40513  3.72494  3.29354  2.67741  2.69355  4.24690  2.90347  2.73739  3.18146  2.89801  2.37887  2.77519  2.98518  4.58477  3.61503
          0.02514  4.09175  4.81410  0.61958  0.77255  0.49021  0.94803
      7   2.47529  4.39732  3.30108  3.20271  4.49727  0.82024  4.39942  4.03817  3.42098  3.73060  4.61312  3.41750  3.85233  3.71528  3.70222  2.52724  2.98242  3.46864  5.78174  4.57933     17 g - - -
          2.68618  4.42225  2.77519  2.73123  3.46354  2.40513  3.72494  3.29354  2.67741  2.69355  4.24690  2.90347  2.73739  3.18146  2.89801  2.37887  2.77519  2.98518  4.58477  3.61503
          0.02514  4.09175  4.81410  0.61958  0.77255  0.49021  0.94803
      8   2.91393  5.15919  3.18219  2.61824  4.57234  3.57782  3.62885  3.95751  1.36747  3.42375  4.25188  2.56939  3.96818  2.75578  2.02034  2.89775  3.03930  3.60424  5.50643  4.26038     18 k - - -
          2.68618  4.42225  2.77519  2.73123  3.46354  2.40513  3.72494  3.29354  2.67741  2.69355  4.24690  2.90347  2.73739  3.18146  2.89801  2.37887  2.77519  2.98518  4.58477  3.61503
          0.02514  4.09175  4.81410  0.61958  0.77255  0.49021  0.94803
      9   2.88439  5.12450  2.30899  2.37055  4.51149  3.27888  3.90957  4.12084  2.87375  3.70771  4.58961  1.10069  3.91529  3.11417  3.35643  2.86457  3.22253  3.70943  5.77149  4.34741     19 n - - -
          2.68618  4.42225  2.77519  2.73123  3.46354  2.40513  3.72494  3.29354  2.67741  2.69355  4.24690  2.90347  2.73739  3.18146  2.89801  2.37887  2.77519  2.98518  4.58477  3.61503
          0.02514  4.09175  4.81410  0.61958  0.77255  0.49021  0.94803
     10   3.23624  4.52982  4.94624  4.41309  3.37024  4.59453  5.02811  1.21931  4.28552  1.43535  3.16436  4.64309  4.82393  4.46844  4.43696  3.96359  3.47850  1.70951  5.40837  4.27426     20 i - - -
          2.68618  4.42225  2.77519  2.73123  3.46354  2.40513  3.72494  3.29354  2.67741  2.69355  4.24690  2.90347  2.73739  3.18146  2.89801  2.37887  2.77519  2.98518  4.58477  3.61503
          0.02514  4.09175  4.81410  0.61958  0.77255  0.49021  0.94803
     11   2.65540  5.24741  2.24713  1.45464  4.54876  3.32488  3.68200  4.02473  2.44382  3.53714  4.33146  2.70435  3.83161  2.77050  3.04834  2.71631  2.88991  3.53996  5.70418  4.27533     21 e - - -
          2.68618  4.42225  2.77519  2.73123  3.46354  2.40513  3.72494  3.29354  2.67741  2.69355  4.24690  2.90347  2.73739  3.18146  2.89801  2.37887  2.77519  2.98518  4.58477  3.61503
          0.02514  4.09175  4.81410  0.61958  0.77255  0.49021  0.94803
     12   3.18184  4.46325  4.95346  4.43062  3.52334  4.58670  5.08416  1.24576  4.32334  1.78735  3.31587  4.64700  4.83924  4.54008  4.49410  3.96034  3.43092  1.31027  5.51859  4.34938     22 i - - -
          2.68618  4.42225  2.77519  2.73123  3.46354  2.40513  3.72494  3.29354  2.67741  2.69355  4.24690  2.90347  2.73739  3.18146  2.89801  2.37887  2.77519  2.98518  4.58477  3.61503
          0.02514  4.09175  4.81410  0.61958  0.77255  0.49021  0.94803
     13   2.54616  4.38975  3.63966  3.40903  4.17923  3.22002  4.40745  3.33390  3.35637  3.18943  4.23027  3.57808  3.94316  3.74132  3.60057  2.75047  0.84782  3.00453  5.59721  4.39763     23 t - - -
          2.68618  4.42225  2.77519  2.73123  3.46354  2.40513  3.72494  3.29354  2.67741  2.69355  4.24690  2.90347  2.73739  3.18146  2.89801  2.37887  2.77519  2.98518  4.58477  3.61503
          0.02514  4.09175  4.81410  0.61958  0.77255  0.49021  0.94803
     14   2.72166  5.28601  1.76454  1.86221  4.60417  2.94722  3.69540  4.09378  2.57431  3.59551  4.38752  2.72420  2.99200  2.83079  3.11254  2.63210  3.00919  3.67260  5.75739  4.31130     24 d - - -
          2.68618  4.42225  2.77519  2.73123  3.46354  2.40513  3.72494  3.29354  2.67741  2.69355  4.24690  2.90347  2.73739  3.18146  2.89801  2.37887  2.77519  2.98518  4.58477  3.61503
          0.02514  4.09175  4.81410  0.61958  0.77255  0.49021  0.94803
     15   1.06271  4.20136  3.50085  3.20516  4.31555  2.89691  4.26499  3.70931  3.25743  3.41268  4.24170  3.35432  3.36594  3.54227  3.56746  2.05072  2.74998  3.17917  5.66666  4.45931     25 a - - -
          2.68618  4.42225  2.77519  2.73123  3.46354  2.40513  3.72494  3.29354  2.67741  2.69355  4.24690  2.90347  2.73739  3.18146  2.89801  2.37887  2.77519  2.98518  4.58477  3.61503
          0.02514  4.09175  4.81410  0.61958  0.77255  0.49021  0.94803
     16   3.23984  4.53960  4.91891  4.39766  3.38585  4.58600  5.02777  1.09877  4.25157  1.56102  3.19357  4.63188  4.82857  4.46469  4.41300  3.96308  3.48695  1.76018  5.42333  4.26253     26 i - - -
          2.68618  4.42225  2.77519  2.73123  3.46354  2.40513  3.72494  3.29354  2.67741  2.69355  4.24690  2.90347  2.73739  3.18146  2.89801  2.37887  2.77519  2.98518  4.58477  3.61503
          0.02514  4.09175  4.81410  0.61958  0.77255  0.49021  0.94803
     17   2.79806  5.06509  3.03894  2.52902  4.39136  3.52227  2.85938  3.80975  2.03166  3.31768  4.13166  2.86232  3.90717  2.69898  1.65606  2.79073  3.00432  3.46025  5.44479  4.00290     27 r - - -
          2.68618  4.42225  2.77519  2.73123  3.46354  2.40513  3.72494  3.29354  2.67741  2.69355  4.24690  2.90347  2.73739  3.18146  2.89801  2.37887  2.77519  2.98518  4.58477  3.61503
          0.02514  4.09175  4.81410  0.61958  0.77255  0.49021  0.94803
     18   2.90284  5.48068  1.70747  1.48686  4.77376  3.28305  3.74887  4.28688  2.69650  3.76923  4.58345  2.55746  3.86003  2.77627  3.26803  2.64500  3.12599  3.85251  5.92382  4.43500     28 e - - -
          2.68618  4.42225  2.77519  2.73123  3.46354  2.40513  3.72494  3.29354  2.67741  2.69355  4.24690  2.90347  2.73739  3.18146  2.89801  2.37887  2.77519  2.98518  4.58477  3.61503
          0.02514  4.09175  4.81410  0.61958  0.77255  0.49021  0.94803
     19   3.46471  4.95111  3.97908  3.65450  2.15647  4.13038  2.82069  3.57982  3.47106  2.96467  4.12949  3.77795  4.51634  3.75875  3.66901  3.52475  3.70019  3.42243  3.81067  0.89772     29 y - - -
          2.68618  4.42225  2.77519  2.73123  3.46354  2.40513  3.72494  3.29354  2.67741  2.69355  4.24690  2.90347  2.73739  3.18146  2.89801  2.37887  2.77519  2.98518  4.58477  3.61503
          0.02514  4.09175  4.81410  0.61958  0.77255  0.49021  0.94803
     20   2.74589  4.31391  4.19582  3.67400  3.59409  3.90588  4.46238  1.98811  3.56555  2.27785  3.47304  3.93607  4.33983  3.86828  3.82602  3.25193  2.33384  1.23435  5.28180  4.06841     30 v - - -
          2.68618  4.42225  2.77519  2.73123  3.46354  2.40513  3.72494  3.29354  2.67741  2.69355  4.24690  2.90347  2.73739  3.18146  2.89801  2.37887  2.77519  2.98518  4.58477  3.61503
          0.02514  4.09175  4.81410  0.61958  0.77255  0.49021  0.94803
     21   2.62865  4.77105  2.82795  2.02071  4.33753  3.38816  2.73504  3.79225  2.27278  3.31378  4.08508  2.69600  3.79215  2.45084  2.72474  2.49549  2.83318  3.40134  5.47907  4.10034     31 e - - -
          2.68618  4.42225  2.77519  2.73123  3.46354  2.40513  3.72494  3.29354  2.67741  2.69355  4.24690  2.90347  2.73739  3.18146  2.89801  2.37887  2.77519  2.98518  4.58477  3.61503
          0.02514  4.09175  4.81410  0.61958  0.77255  0.49021  0.94803
     22   2.49937  4.97935  2.83447  2.23728  4.27398  3.40140  3.59074  3.70951  2.30792  3.24478  4.05473  2.89147  3.81915  1.95624  2.73916  2.51353  2.66286  3.34671  5.44878  4.09264     32 q - - -
          2.68618  4.42225  2.77519  2.73123  3.46354  2.40513  3.72494  3.29354  2.67741  2.69355  4.24690  2.90347  2.73739  3.18146  2.89801  2.37887  2.77519  2.98518  4.58477  3.61503
          0.02514  4.09175  4.81410  0.61958  0.77255  0.49021  0.94803
     23   3.18619  5.14612  3.37592  2.96338  4.58315  3.64544  3.90042  4.02775  0.77280  3.54767  4.50264  3.37608  4.13469  3.08330  2.49902  3.21697  3.42575  3.72513  5.55149  4.39859     33 k - - -
          2.68618  4.42225  2.77519  2.73123  3.46354  2.40513  3.72494  3.29354  2.67741  2.69355  4.24690  2.90347  2.73739  3.18146  2.89801  2.37887  2.77519  2.98518  4.58477  3.61503
          0.02514  4.09175  4.81410  0.61958  0.77255  0.49021  0.94803
     24   3.27231  4.57014  4.95359  4.40316  3.26976  4.60735  4.98415  1.29678  4.26792  1.27956  2.91039  4.64211  4.80990  4.41735  4.40229  3.96621  3.50488  1.91713  5.32822  4.22830     34 l - - -
          2.68618  4.42225  2.77519  2.73123  3.46354  2.40513  3.72494  3.29354  2.67741  2.69355  4.24690  2.90347  2.73739  3.18146  2.89801  2.37887  2.77519  2.98518  4.58477  3.61503
          0.02514  4.09175  4.81410  0.61958  0.77255  0.49021  0.94803
     25   2.68615  5.19026  2.39293  1.50204  4.48822  3.10627  3.47133  3.95964  2.43217  3.38830  4.26677  2.72148  3.82241  2.79404  3.00020  2.64866  2.90772  3.56000  5.64739  4.23077     35 e - - -
          2.68618  4.42225  2.77519  2.73123  3.46354  2.40513  3.72494  3.29354  2.67741  2.69355  4.24690  2.90347  2.73739  3.18146  2.89801  2.37887  2.77519  2.98518  4.58477  3.61503
          0.02514  4.09175  4.81410  0.61958  0.77255  0.49021  0.94803
     26   3.02056  5.21005  3.35577  2.72857  4.63221  3.66066  3.40429  4.00585  1.20650  3.44646  4.29246  3.00516  4.02918  2.75798  1.90215  3.00408  3.19308  3.67007  5.49433  4.28972     36 k - - -
          2.68618  4.42225  2.77519  2.73123  3.46354  2.40513  3.72494  3.29354  2.67741  2.69355  4.24690  2.90347  2.73739  3.18146  2.89801  2.37887  2.77519  2.98518  4.58477  3.61503
          0.02514  4.09175  4.81410  0.61958  0.77255  0.49021  0.94803
     27   0.94248  4.18551  3.67547  3.39109  4.19505  3.03885  4.36206  3.35052  3.36858  3.24057  4.16565  3.46828  3.79253  3.67922  3.62987  2.38848  2.78639  2.78672  5.62995  4.41120     37 a - - -
          2.68618  4.42225  2.77519  2.73123  3.46354  2.40513  3.72494  3.29354  2.67741  2.69355  4.24690  2.90347  2.73739  3.18146  2.89801  2.37887  2.77519  2.98518  4.58477  3.61503
          0.02514  4.09175  4.81410  0.61958  0.77255  0.49021  0.94803
     28   2.72507  4.28521  4.32104  3.77078  3.35368  4.04851  4.47236  1.81482  3.67764  2.20236  3.38059  4.02855  4.40777  3.93834  3.91218  3.36813  2.58138  1.25896  5.18438  3.97985     38 v - - -
          2.68618  4.42225  2.77519  2.73123  3.46354  2.40513  3.72494  3.29354  2.67741  2.69355  4.24690  2.90347  2.73739  3.18146  2.89801  2.37887  2.77519  2.98518  4.58477  3.61503
          0.02514  4.09175  4.81410  0.61958  0.77255  0.49021  0.94803
     29   2.52924  4.98635  2.87406  2.31983  4.28319  3.34118  3.02087  3.72513  2.15532  3.24950  4.05054  2.59270  3.80569  2.69079  2.68519  2.14056  2.85188  3.35316  5.44642  4.08351     39 s - - -
          2.68618  4.42225  2.77519  2.73123  3.46354  2.40513  3.72494  3.29354  2.67741  2.69355  4.24690  2.90347  2.73739  3.18146  2.89801  2.37887  2.77519  2.98518  4.58477  3.61503
          0.02514  4.09175  4.81410  0.61958  0.77255  0.49021  0.94803
     30   2.89283  4.96276  2.96027  2.64229  3.78999  3.49458  1.43246  3.75567  2.41591  3.29816  4.19623  2.87856  3.98915  2.98542  2.61061  2.92124  3.15147  3.43969  5.15150  3.69004     40 h - - -
          2.68618  4.42225  2.77519  2.73123  3.46354  2.40513  3.72494  3.29354  2.67741  2.69355  4.24690  2.90347  2.73739  3.18146  2.89801  2.37887  2.77519  2.98518  4.58477  3.61503
          0.02514  4.09175  4.81410  0.61958  0.77255  0.49021  0.94803
     31   3.64689  4.89931  4.61177  4.28338  0.96577  4.40131  3.20513  3.44529  4.12772  2.80559  4.02099  4.06720  4.71169  4.11975  4.17809  3.75597  3.86473  3.33428  3.63656  1.51961     41 f - - -
          2.68618  4.42225  2.77519  2.73123  3.46354  2.40513  3.72494  3.29354  2.67741  2.69355  4.24690  2.90347  2.73739  3.18146  2.89801  2.37887  2.77519  2.98518  4.58477  3.61503
          0.02514  4.09175  4.81410  0.61958  0.77255  0.49021  0.94803
     32   2.68935  5.18260  2.48523  2.12294  4.49479  3.12682  3.59444  3.96189  2.21152  3.46606  4.24960  2.77338  3.82434  1.82854  2.88407  2.68651  2.97313  3.55912  5.62037  4.21868     42 q - - -
          2.68618  4.42225  2.77519  2.73123  3.46354  2.40513  3.72494  3.29354  2.67741  2.69355  4.24690  2.90347  2.73739  3.18146  2.89801  2.37887  2.77519  2.98518  4.58477  3.61503
          0.02514  4.09175  4.81410  0.61958  0.77255  0.49021  0.94803
     33   2.61969  5.09760  2.40154  2.24418  4.40845  2.98741  3.44823  3.87745  2.38474  3.38916  4.15693  2.29840  3.79030  2.49326  2.80528  2.49808  2.67754  3.47166  5.55044  4.14753     43 e - - -
          2.68618  4.42225  2.77519  2.73123  3.46354  2.40513  3.72494  3.29354  2.67741  2.69355  4.24690  2.90347  2.73739  3.18146  2.89801  2.37887  2.77519  2.98518  4.58477  3.61503
          0.02514  4.09175  4.81410  0.61958  0.77255  0.49021  0.94803
     34   2.97049  4.45033  4.76262  4.19119  3.04614  4.36730  4.70663  1.50865  4.07111  1.35953  2.50523  4.40128  4.61445  4.20522  4.19657  3.69678  3.33690  2.03227  5.12582  4.02045     44 l - - -
          2.68618  4.42225  2.77519  2.73123  3.46354  2.40513  3.72494  3.29354  2.67741  2.69355  4.24690  2.90347  2.73739  3.18146  2.89801  2.37887  2.77519  2.98518  4.58477  3.61503
          0.02514  4.09175  4.81410  0.61958  0.77255  0.49021  0.94803
     35   2.59640  4.30362  3.91250  3.37474  3.55689  3.73872  4.22515  2.12717  3.28792  2.32514  3.46116  3.68886  4.17759  3.59409  3.58668  3.05778  1.80019  1.75929  5.15842  3.94098     45 v - - -
          2.68618  4.42225  2.77519  2.73123  3.46354  2.40513  3.72494  3.29354  2.67741  2.69355  4.24690  2.90347  2.73739  3.18146  2.89801  2.37887  2.77519  2.98518  4.58477  3.61503
          0.02514  4.09175  4.81410  0.61958  0.77255  0.49021  0.94803
     36   2.61368  4.86150  2.95938  2.41822  4.13613  3.32126  3.61757  3.55939  2.17751  3.13873  3.73785  2.54543  3.81259  2.67191  2.73082  2.43286  2.26149  3.20237  5.35587  4.01621     46 k - - -
          2.68618  4.42225  2.77519  2.73123  3.46354  2.40513  3.72494  3.29354  2.67741  2.69355  4.24690  2.90347  2.73739  3.18146  2.89801  2.37887  2.77519  2.98518  4.58477  3.61503
          0.02514  4.09175  4.81410  0.61958  0.77255  0.49021  0.94803
     37   2.81503  5.24540  2.60095  1.48662  4.58189  3.26359  3.68422  4.02743  1.90642  3.52814  4.34310  2.87179  3.88318  2.76357  2.78389  2.79485  3.08664  3.64125  5.66799  4.29783     47 e - - -
          2.68618  4.42225  2.77519  2.73123  3.46354  2.40513  3.72494  3.29354  2.67741  2.69355  4.24690  2.90347  2.73739  3.18146  2.89801  2.37887  2.77519  2.98518  4.58477  3.61503
          0.02514  4.09175  4.81410  0.61958  0.77255  0.49021  0.94803
     38   2.23966  4.32811  4.39889  3.88865  3.62187  4.04181  4.64283  1.73254  3.79305  2.31136  3.47818  4.11847  4.46168  4.07401  4.03234  3.40265  3.16692  1.18369  5.37610  4.16543     48 v - - -
          2.68618  4.42225  2.77519  2.73123  3.46354  2.40513  3.72494  3.29354  2.67741  2.69355  4.24690  2.90347  2.73739  3.18146  2.89801  2.37887  2.77519  2.98518  4.58477  3.61503
          0.02514  4.09175  4.81410  0.61958  0.77255  0.49021  0.94803
     39   3.03088  5.48544  0.93439  2.17955  4.80902  3.25707  3.89931  4.38824  2.98375  3.93637  4.83322  2.64598  3.92121  3.09288  3.58472  2.93029  3.35635  3.96145  6.03966  4.53609     49 d - - -
          2.68618  4.42225  2.77519  2.73123  3.46354  2.40513  3.72494  3.29354  2.67741  2.69355  4.24690  2.90347  2.73739  3.18146  2.89801  2.37887  2.77519  2.98518  4.58477  3.61503
          0.02514  4.09175  4.81410  0.61958  0.77255  0.49021  0.94803
     40   3.11059  4.44749  4.79187  4.31324  3.63138  4.41570  5.04365  1.59682  4.19081  2.15230  3.45017  4.52368  4.76521  4.47659  4.39551  3.81584  3.38932  0.92614  5.58810  4.36319     50 v - - -
          2.68618  4.42225  2.77519  2.73123  3.46354  2.40513  3.72494  3.29354  2.67741  2.69355  4.24690  2.90347  2.73739  3.18146  2.89801  2.37887  2.77519  2.98518  4.58477  3.61503
          0.02514  4.09175  4.81410  0.61958  0.77255  0.49021  0.94803
     41   2.63965  4.12475  3.11988  2.58773  3.78970  3.47461  2.02389  3.27718  2.40208  2.91549  3.76978  2.83480  3.87659  2.88931  2.86670  2.72269  2.82917  2.99473  5.13207  3.53323     51 h - - -
          2.68618  4.42225  2.77519  2.73123  3.46354  2.40513  3.72494  3.29354  2.67741  2.69355  4.24690  2.90347  2.73739  3.18146  2.89801  2.37887  2.77519  2.98518  4.58477  3.61503
          0.02514  4.09175  4.81410  0.61958  0.77255  0.49021  0.94803
     42   3.35534  4.74506  4.69458  4.23057  3.11974  4.44961  4.79880  2.18696  3.97951  0.75595  3.01420  4.48869  4.73730  4.24347  4.12814  3.87510  3.61317  2.34356  5.16904  3.95470     52 l - - -
          2.68618  4.42225  2.77519  2.73123  3.46354  2.40513  3.72494  3.29354  2.67741  2.69355  4.24690  2.90347  2.73739  3.18146  2.89801  2.37887  2.77519  2.98518  4.58477  3.61503
          0.02514  4.09175  4.81410  0.61958  0.77255  0.49021  0.94803
     43   2.43692  4.35724  3.41262  3.24444  4.30304  3.08382  4.34520  3.85829  3.33331  3.56341  4.47456  3.42955  3.84192  3.66618  3.60844  0.80260  2.93452  3.34441  5.65883  4.38941     53 s - - -
          2.68618  4.42225  2.77519  2.73123  3.46354  2.40513  3.72494  3.29354  2.67741  2.69355  4.24690  2.90347  2.73739  3.18146  2.89801  2.37887  2.77519  2.98518  4.58477  3.61503
          0.02514  4.09175  4.81410  0.61958  0.77255  0.49021  0.94803
     44   2.91698  4.40489  4.68649  4.16859  3.60470  4.34924  4.89310  1.66242  4.05389  2.16400  3.26434  4.40125  4.68431  4.32891  4.26930  3.71502  3.31809  0.98291  5.49310  4.29236     54 v - - -
          2.68618  4.42225  2.77519  2.73123  3.46354  2.40513  3.72494  3.29354  2.67741  2.69355  4.24690  2.90347  2.73739  3.18146  2.89801  2.37887  2.77519  2.98518  4.58477  3.61503
          0.02514  4.09175  4.81410  0.61958  0.77255  0.49021  0.94803
     45   1.58463  4.80027  2.79796  2.20201  4.12638  3.36240  3.51490  3.53983  2.56180  3.15788  3.99898  2.96776  3.62391  2.86770  2.99107  2.69054  2.93755  3.21191  5.40650  4.08106     55 a - - -
          2.68618  4.42225  2.77519  2.73123  3.46354  2.40513  3.72494  3.29354  2.67741  2.69355  4.24690  2.90347  2.73739  3.18146  2.89801  2.37887  2.77519  2.98518  4.58477  3.61503
          0.02514  4.09175  4.81410  0.61958  0.77255  0.49021  0.94803
     46   2.82970  5.07635  3.17921  2.57610  4.42971  3.37895  3.47894  3.82588  1.82722  3.25497  4.14392  2.90011  3.82927  2.67552  1.62629  2.82438  3.02895  3.48066  5.44598  4.01685     56 r - - -
          2.68618  4.42225  2.77519  2.73123  3.46354  2.40513  3.72494  3.29354  2.67741  2.69355  4.24690  2.90347  2.73739  3.18146  2.89801  2.37887  2.77519  2.98518  4.58477  3.61503
          0.02514  4.09175  4.81410  0.61958  0.77255  0.49021  0.94803
     47   2.68534  4.53497  2.80763  2.47370  4.21638  3.18920  3.61258  3.69442  2.47947  3.28100  4.11476  1.50780  3.85858  2.80876  2.90970  2.71727  2.96692  3.33557  5.46137  4.11533     57 n - - -
          2.68618  4.42225  2.77519  2.73123  3.46354  2.40513  3.72494  3.29354  2.67741  2.69355  4.24690  2.90347  2.73739  3.18146  2.89801  2.37887  2.77519  2.98518  4.58477  3.61503
          0.02514  4.09175  4.81410  0.61958  0.77255  0.49021  0.94803
     48   2.28642  4.52415  3.10802  2.66773  3.95660  3.29165  3.64775  3.20236  2.65950  3.00864  3.85560  3.07691  1.89922  3.01496  3.03191  2.51988  2.74240  3.02187  5.28930  4.00692     58 p - - -
          2.68618  4.42225  2.77519  2.73123  3.46354  2.40513  3.72494  3.29354  2.67741  2.69355  4.24690  2.90347  2.73739  3.18146  2.89801  2.37887  2.77519  2.98518  4.58477  3.61503
          0.02514  4.09175  4.81410  0.61958  0.77255  0.49021  0.94803
     49   3.05010  5.12112  3.47503  2.85212  4.57919  3.67082  3.67559  3.93858  1.83500  3.41392  4.28975  3.24502  4.06709  2.82021  1.14613  2.92005  3.23918  3.62093  5.47453  4.29767     59 r - - -
          2.68618  4.42225  2.77519  2.73123  3.46354  2.40513  3.72494  3.29354  2.67741  2.69355  4.24690  2.90347  2.73739  3.18146  2.89801  2.37887  2.77519  2.98518  4.58477  3.61503
          0.02875  4.09175  4.45426  0.61958  0.77255  0.49021  0.94803
     50   2.69703  4.19371  4.01805  3.45105  3.35786  3.80657  4.13748  1.63385  3.11933  2.30185  3.17879  3.59352  4.17613  3.60942  3.55964  3.04042  2.91402  1.70616  4.91916  3.71238     60 i - - -
          2.68618  4.42225  2.77519  2.73123  3.46354  2.40513  3.72494  3.29354  2.67741  2.69355  4.24690  2.90347  2.73739  3.18146  2.89801  2.37887  2.77519  2.98518  4.58477  3.61503
          0.15411  4.08823  2.07105  0.61958  0.77255  0.48771  0.95200
     51   2.47217  4.82042  2.81863  2.28422  4.13662  3.26627  3.62368  3.51583  2.42381  3.14951  3.95735  2.38481  3.46256  2.67312  2.88684  2.33751  2.55937  3.21315  5.37320  4.02536     61 e - - -
          2.68618  4.42225  2.77519  2.73123  3.46354  2.40513  3.72494  3.29354  2.67741  2.69355  4.24690  2.90347  2.73739  3.18146  2.89801  2.37887  2.77519  2.98518  4.58477  3.61503
          0.03276  3.96676  4.32066  0.61958  0.77255  0.41858  1.07290
     52   2.37710  4.86900  2.59239  2.38658  4.23567  3.34216  3.65409  3.67528  2.45379  3.24422  4.03828  2.72223  2.60822  2.79169  2.84661  2.30344  2.62465  3.29907  5.45124  4.09092     62 s - - -
          2.68618  4.42225  2.77519  2.73123  3.46354  2.40513  3.72494  3.29354  2.67741  2.69355  4.24690  2.90347  2.73739  3.18146  2.89801  2.37887  2.77519  2.98518  4.58477  3.61503
          0.02523  4.08813  4.81047  0.61958  0.77255  0.48764  0.95211
     53   2.60133  4.73364  2.99013  2.42351  3.74061  3.43122  3.60347  3.60425  1.88392  3.15297  3.96850  2.86837  3.81925  2.39976  2.47050  2.53472  2.84710  3.23500  5.36899  3.98124     63 k - - -
          2.68618  4.42225  2.77519  2.73123  3.46354  2.40513  3.72494  3.29354  2.67741  2.69355  4.24690  2.90347  2.73739  3.18146  2.89801  2.37887  2.77519  2.98518  4.58477  3.61503
          0.02514  4.09175  4.81410  0.61958  0.77255  0.49021  0.94803
     54   2.80471  5.06286  2.84392  2.40127  4.31652  3.45434  2.76597  3.79890  2.29823  3.33188  4.16407  2.96678  3.89996  1.64614  2.65284  2.79509  2.91145  3.45459  5.46828  4.12913     64 q - - -
          2.68618  4.42225  2.77519  2.73123  3.46354  2.40513  3.72494  3.29354  2.67741  2.69355  4.24690  2.90347  2.73739  3.18146  2.89801  2.37887  2.77519  2.98518  4.58477  3.61503
          0.02514  4.09175  4.81410  0.61958  0.77255  0.49021  0.94803
     55   2.37614  4.33110  3.20731  2.64804  3.70992  3.46643  3.72189  2.88007  2.36546  2.76123  3.62388  3.11380  3.86631  2.94966  2.96010  2.46164  2.16647  2.76441  5.08249  3.72041     65 t - - -
          2.68618  4.42225  2.77519  2.73123  3.46354  2.40513  3.72494  3.29354  2.67741  2.69355  4.24690  2.90347  2.73739  3.18146  2.89801  2.37887  2.77519  2.98518  4.58477  3.61503
          0.02514  4.09175  4.81410  0.61958  0.77255  0.49021  0.94803
     56   0.88204  4.21535  3.64556  3.41332  4.26017  3.05028  4.41656  3.35397  3.41666  3.25711  4.22168  3.49127  3.81435  3.73319  3.66786  2.53357  2.66331  2.95186  5.70059  4.49771     66 a - - -
          2.68618  4.42225  2.77519  2.73123  3.46354  2.40513  3.72494  3.29354  2.67741  2.69355  4.24690  2.90347  2.73739  3.18146  2.89801  2.37887  2.77519  2.98518  4.58477  3.61503
          0.02514  4.09175  4.81410  0.61958  0.77255  0.49021  0.94803
     57   3.15888  5.29810  2.60346  0.74926  4.67459  3.42852  4.04189  4.17322  2.95156  3.75746  4.72786  3.08076  4.04535  3.25679  3.37886  3.12235  3.46675  3.83661  5.80453  4.53426     67 e - - -
          2.68618  4.42225  2.77519  2.73123  3.46354  2.40513  3.72494  3.29354  2.67741  2.69355  4.24690  2.90347  2.73739  3.18146  2.89801  2.37887  2.77519  2.98518  4.58477  3.61503
          0.02514  4.09175  4.81410  0.61958  0.77255  0.49021  0.94803
     58   2.98479  4.47299  4.42466  4.09990  3.72028  3.94593  4.86695  2.06599  3.97120  2.37247  3.65709  4.25313  4.49814  4.31762  4.16186  3.46752  3.34345  0.78717  5.54003  4.28305     68 v - - -
          2.68618  4.42225  2.77519  2.73123  3.46354  2.40513  3.72494  3.29354  2.67741  2.69355  4.24690  2.90347  2.73739  3.18146  2.89801  2.37887  2.77519  2.98518  4.58477  3.61503
          0.02514  4.09175  4.81410  0.61958  0.77255  0.49021  0.94803
     59   2.44094  4.34587  3.38937  3.14261  4.16064  3.14149  4.21594  3.43747  3.12190  3.26502  4.19373  3.17131  3.85204  3.50781  3.40603  2.62048  1.03299  3.04889  5.55471  4.29235     69 t - - -
          2.68618  4.42225  2.77519  2.73123  3.46354  2.40513  3.72494  3.29354  2.67741  2.69355  4.24690  2.90347  2.73739  3.18146  2.89801  2.37887  2.77519  2.98518  4.58477  3.61503
          0.02514  4.09175  4.81410  0.61958  0.77255  0.49021  0.94803
     60   3.13046  4.42506  4.87971  4.35170  3.56003  4.51860  5.01535  1.30503  4.24621  1.92655  3.31249  4.56920  4.79002  4.47929  4.42858  3.88353  3.28452  1.22750  5.50403  4.32555     70 v - - -
          2.68618  4.42225  2.77519  2.73123  3.46354  2.40513  3.72494  3.29354  2.67741  2.69355  4.24690  2.90347  2.73739  3.18146  2.89801  2.37887  2.77519  2.98518  4.58477  3.61503
          0.02514  4.09175  4.81410  0.61958  0.77255  0.49021  0.94803
     61   3.03137  4.55193  3.99992  3.49489  1.76731  3.95026  2.99651  3.07265  3.37502  2.56979  3.67468  3.68302  4.30231  3.41671  3.36402  3.23938  3.25702  2.88918  4.00066  1.54932     71 y - - -
          2.68618  4.42225  2.77519  2.73123  3.46354  2.40513  3.72494  3.29354  2.67741  2.69355  4.24690  2.90347  2.73739  3.18146  2.89801  2.37887  2.77519  2.98518  4.58477  3.61503
          0.02514  4.09175  4.81410  0.61958  0.77255  0.49021  0.94803
     62   1.19868  4.26852  3.80589  3.37696  3.84667  3.32483  4.29368  2.64903  3.28762  2.65689  3.76884  3.56968  3.96613  3.61594  3.57519  2.73498  2.86373  2.18998  5.40433  4.17706     72 a - - -
          2.68618  4.42225  2.77519  2.73123  3.46354  2.40513  3.72494  3.29354  2.67741  2.69355  4.24690  2.90347  2.73739  3.18146  2.89801  2.37887  2.77519  2.98518  4.58477  3.61503
          0.02514  4.09175  4.81410  0.61958  0.77255  0.49021  0.94803
     63   2.79165  5.05474  2.44959  2.34804  4.49581  3.28316  3.81219  3.98677  2.56768  3.55637  4.40039  1.33373  3.87340  2.98833  3.12673  2.57892  3.10268  3.58539  5.71908  4.32315     73 n - - -
          2.68618  4.42225  2.77519  2.73123  3.46354  2.40513  3.72494  3.29354  2.67741  2.69355  4.24690  2.90347  2.73739  3.18146  2.89801  2.37887  2.77519  2.98518  4.58477  3.61503
          0.02514  4.09175  4.81410  0.61958  0.77255  0.49021  0.94803
     64   2.60370  4.62974  2.92364  2.71686  4.35813  1.21476  3.97525  3.82551  2.66978  3.44914  4.30723  3.03441  3.86383  3.19254  2.91897  2.70206  2.99407  3.39271  5.61559  4.32829     74 g - - -
          2.68618  4.42225  2.77519  2.73123  3.46354  2.40513  3.72494  3.29354  2.67741  2.69355  4.24690  2.90347  2.73739  3.18146  2.89801  2.37887  2.77519  2.98518  4.58477  3.61503
          0.02514  4.09175  4.81410  0.61958  0.77255  0.49021  0.94803
     65   2.27600  4.52282  3.17068  2.65566  3.91039  3.34599  3.77283  3.29086  2.48633  2.95546  3.74528  2.95890  3.82777  2.97726  3.03454  2.27491  1.95422  2.83978  5.24526  3.96327     75 t - - -
          2.68618  4.42225  2.77519  2.73123  3.46354  2.40513  3.72494  3.29354  2.67741  2.69355  4.24690  2.90347  2.73739  3.18146  2.89801  2.37887  2.77519  2.98518  4.58477  3.61503
          0.02514  4.09175  4.81410  0.61958  0.77255  0.48299  0.95955
     66   3.08557  4.44988  4.72629  4.26141  3.63049  4.33963  4.99889  1.69582  4.12750  2.16924  3.46623  4.46659  4.72203  4.42847  4.33550  3.74762  3.37504  0.89606  5.57212  4.33402     76 v - - -
          2.68618  4.42225  2.77519  2.73123  3.46354  2.40513  3.72494  3.29354  2.67741  2.69355  4.24690  2.90347  2.73739  3.18146  2.89801  2.37887  2.77519  2.98518  4.58477  3.61503
          0.02504  4.09566  4.81801  0.61958  0.77255  0.48576  0.95510
     67   3.16548  4.48875  4.85454  4.38119  3.56247  4.47922  5.08534  0.97225  4.24606  2.03813  3.37615  4.59061  4.80634  4.51682  4.43297  3.88655  3.44020  1.54624  5.56626  4.35859     77 i - - -
          2.68618  4.42225  2.77519  2.73123  3.46354  2.40513  3.72494  3.29354  2.67741  2.69355  4.24690  2.90347  2.73739  3.18146  2.89801  2.37887  2.77519  2.98518  4.58477  3.61503
          0.02504  4.09566  4.81801  0.61958  0.77255  0.48576  0.95510
     68   3.27422  5.08634  3.78927  3.26069  4.49845  3.71177  4.01049  4.06066  2.36045  3.53616  4.53542  3.60074  4.20795  3.22402  0.68532  3.35068  3.52779  3.77615  5.49355  4.38268     78 R - - -
          2.68618  4.42225  2.77519  2.73123  3.46354  2.40513  3.72494  3.29354  2.67741  2.69355  4.24690  2.90347  2.73739  3.18146  2.89801  2.37887  2.77519  2.98518  4.58477  3.61503
          0.02504  4.09566  4.81801  0.61958  0.77255  0.48576  0.95510
     69   0.73440  4.31857  3.70348  3.51203  4.28857  3.13585  4.50566  3.44854  3.53444  3.31929  4.33123  3.60064  3.89679  3.85598  3.76538  2.66934  2.96252  3.06364  5.69301  4.52028     79 a - - -
          2.68618  4.42225  2.77519  2.73123  3.46354  2.40513  3.72494  3.29354  2.67741  2.69355  4.24690  2.90347  2.73739  3.18146  2.89801  2.37887  2.77519  2.98518  4.58477  3.61503
          0.02504  4.09566  4.81801  0.61958  0.77255  0.48576  0.95510
     70   2.58568  4.43976  2.88472  1.82619  4.22050  3.40021  3.63708  3.63303  2.38268  3.21113  4.02058  2.92727  3.82311  2.12157  2.82244  2.65360  2.88505  3.16486  5.42421  4.07466     80 e - - -
          2.68618  4.42225  2.77519  2.73123  3.46354  2.40513  3.72494  3.29354  2.67741  2.69355  4.24690  2.90347  2.73739  3.18146  2.89801  2.37887  2.77519  2.98518  4.58477  3.61503
          0.02504  4.09566  4.81801  0.61958  0.77255  0.48576  0.95510
     71   2.85143  5.11974  2.56188  1.18678  4.42643  3.36437  3.78501  3.78210  2.53548  3.41914  4.31095  2.90874  3.90941  2.95309  3.01514  2.83258  3.12657  3.20440  5.65865  4.27749     81 e - - -
          2.68618  4.42225  2.77519  2.73123  3.46354  2.40513  3.72494  3.29354  2.67741  2.69355  4.24690  2.90347  2.73739  3.18146  2.89801  2.37887  2.77519  2.98518  4.58477  3.61503
          0.02504  4.09566  4.81801  0.61958  0.77255  0.48576  0.95510
     72   2.56410  4.67076  2.85911  2.34851  4.19183  3.00755  3.44369  3.52104  2.18013  3.18867  3.97790  2.89733  3.79607  2.70410  2.53148  2.13225  2.83400  3.26877  5.39012  4.03255     82 s - - -
          2.68618  4.42225  2.77519  2.73123  3.46354  2.40513  3.72494  3.29354  2.67741  2.69355  4.24690  2.90347  2.73739  3.18146  2.89801  2.37887  2.77519  2.98518  4.58477  3.61503
          0.02504  4.09566  4.81801  0.61958  0.77255  0.48576  0.95510
     73   2.54168  4.59130  3.02567  2.64361  4.09225  3.27286  3.18946  3.55518  2.66038  3.18465  4.02349  3.00909  3.82780  3.03294  3.05489  1.48430  2.50024  3.18288  5.39989  4.08537     83 s - - -
          2.68618  4.42225  2.77519  2.73123  3.46354  2.40513  3.72494  3.29354  2.67741  2.69355  4.24690  2.90347  2.73739  3.18146  2.89801  2.37887  2.77519  2.98518  4.58477  3.61503
          0.02504  4.09566  4.81801  0.61958  0.77255  0.48576  0.95510
     74   2.84591  5.34293  2.26192  1.22285  4.66097  2.96478  3.75831  4.14519  2.67603  3.66418  4.48987  2.77757  3.86761  2.79515  3.20781  2.71622  3.15067  3.73837  5.83794  4.38880     84 e - - -
          2.68618  4.42225  2.77519  2.73123  3.46354  2.40513  3.72494  3.29354  2.67741  2.69355  4.24690  2.90347  2.73739  3.18146  2.89801  2.37887  2.77519  2.98518  4.58477  3.61503
          0.02504  4.09566  4.81801  0.61958  0.77255  0.48576  0.95510
     75   2.72963  5.06027  2.34250  2.30532  4.41011  3.31226  3.59657  3.88623  2.58825  3.44168  4.25464  1.61017  3.83651  2.87698  3.08486  2.44718  2.96867  3.34891  5.62642  4.22585     85 n - - -
          2.68618  4.42225  2.77519  2.73123  3.46354  2.40513  3.72494  3.29354  2.67741  2.69355  4.24690  2.90347  2.73739  3.18146  2.89801  2.37887  2.77519  2.98518  4.58477  3.61503
          0.02504  4.09566  4.81801  0.61958  0.77255  0.48576  0.95510
     76   3.03842  4.56598  4.23143  3.78860  3.20585  4.01978  4.44593  2.38313  3.53161  0.91747  3.14911  4.04185  4.43814  3.89864  3.72806  3.24283  3.32747  2.37973  5.06468  3.77809     86 l - - -
          2.68618  4.42225  2.77519  2.73123  3.46354  2.40513  3.72494  3.29354  2.67741  2.69355  4.24690  2.90347  2.73739  3.18146  2.89801  2.37887  2.77519  2.98518  4.58477  3.61503
          0.02493  4.09991  4.82225  0.61958  0.77255  0.48576  0.95510
     77   3.22737  4.82762  3.65877  3.16703  2.55914  3.87821  3.74173  3.36484  3.27926  2.89252  4.01851  3.65444  4.34554  3.64240  3.51296  3.35644  3.49729  3.19400  4.18752  0.91414     87 y - - -
          2.68618  4.42225  2.77519  2.73123  3.46354  2.40513  3.72494  3.29354  2.67741  2.69355  4.24690  2.90347  2.73739  3.18146  2.89801  2.37887  2.77519  2.98518  4.58477  3.61503
          0.02493  4.09991  4.82225  0.61958  0.77255  0.48576  0.95510
     78   1.07468  4.21962  3.52662  3.19078  4.20821  3.04488  4.22281  3.53708  3.19681  3.29189  4.14207  3.17274  3.76702  3.50340  3.50696  2.20573  2.68690  2.93218  5.57953  4.36293     88 a - - -
          2.68618  4.42225  2.77519  2.73123  3.46354  2.40513  3.72494  3.29354  2.67741  2.69355  4.24690  2.90347  2.73739  3.18146  2.89801  2.37887  2.77519  2.98518  4.58477  3.61503
          0.02493  4.09991  4.82225  0.61958  0.77255  0.48576  0.95510
     79   2.29000  4.29202  3.38674  3.20286  4.34033  3.02945  4.31749  3.80073  3.29109  3.52713  4.41314  3.37487  3.79365  3.61406  3.57683  0.88560  2.85166  3.27339  5.71211  4.44231     89 s - - -
          2.68618  4.42225  2.77519  2.73123  3.46354  2.40513  3.72494  3.29354  2.67741  2.69355  4.24690  2.90347  2.73739  3.18146  2.89801  2.37887  2.77519  2.98518  4.58477  3.61503
          0.02493  4.09991  4.82225  0.61958  0.77255  0.48576  0.95510
     80   2.93016  4.40932  4.23869  3.82625  3.51730  3.99588  4.56213  1.02589  3.65247  2.28081  3.49847  3.76197  4.45048  4.01896  3.86906  3.40247  3.23023  1.88071  5.27890  3.97984     90 i - - -
          2.68618  4.42225  2.77519  2.73123  3.46354  2.40513  3.72494  3.29354  2.67741  2.69355  4.24690  2.90347  2.73739  3.18146  2.89801  2.37887  2.77519  2.98518  4.58477  3.61503
          0.02493  4.09991  4.82225  0.61958  0.77255  0.48576  0.95510
     81   2.89314  5.24134  1.08955  2.26702  4.50898  3.28506  3.84331  3.71485  2.83491  3.64636  4.53118  2.72710  3.89885  3.03046  3.37445  2.84351  3.20260  3.64440  5.79669  4.32360     91 d - - -
          2.68618  4.42225  2.77519  2.73123  3.46354  2.40513  3.72494  3.29354  2.67741  2.69355  4.24690  2.90347  2.73739  3.18146  2.89801  2.37887  2.77519  2.98518  4.58477  3.61503
          0.02493  4.09991  4.82225  0.61958  0.77255  0.48576  0.95510
     82   2.92660  4.52119  4.29592  3.74356  3.19261  4.11477  4.42251  2.35804  3.50507  0.99068  2.74542  4.04015  4.43452  3.82486  3.53354  3.44334  3.27547  2.38622  5.06216  3.90634     92 l - - -
          2.68618  4.42225  2.77519  2.73123  3.46354  2.40513  3.72494  3.29354  2.67741  2.69355  4.24690  2.90347  2.73739  3.18146  2.89801  2.37887  2.77519  2.98518  4.58477  3.61503
          0.02526  4.08713  4.80948  0.61958  0.77255  0.48576  0.95510
     83   2.56086  4.35337  4.29190  3.92745  3.76428  3.78686  4.74670  2.04543  3.82034  2.42553  3.63999  4.06940  4.36326  4.14826  4.03904  3.23340  3.16726  0.93123  5.55216  4.31668     93 v - - -
          2.68618  4.42225  2.77519  2.73123  3.46354  2.40513  3.72494  3.29354  2.67741  2.69355  4.24690  2.90347  2.73739  3.18146  2.89801  2.37887  2.77519  2.98518  4.58477  3.61503
          0.02526  4.08713  4.80948  0.61958  0.77255  0.48576  0.95510
     84   1.16737  4.17869  3.60712  3.26281  4.25282  3.00366  4.26917  3.57327  3.26061  3.33088  4.17668  3.38635  3.74357  3.55312  3.56217  1.89455  2.48061  3.02642  5.62285  4.42031     94 a - - -
          2.68618  4.42225  2.77519  2.73123  3.46354  2.40513  3.72494  3.29354  2.67741  2.69355  4.24690  2.90347  2.73739  3.18146  2.89801  2.37887  2.77519  2.98518  4.58477  3.61503
          0.02526  4.08713  4.80948  0.61958  0.77255  0.48576  0.95510
     85   2.86694  5.33135  1.32050  2.19049  4.73293  2.95237  3.79371  4.23782  2.77209  3.75216  4.57966  2.28189  3.85839  2.95444  3.34204  2.64853  3.05709  3.79934  5.92155  4.44895     95 d - - -
          2.68618  4.42225  2.77519  2.73123  3.46354  2.40513  3.72494  3.29354  2.67741  2.69355  4.24690  2.90347  2.73739  3.18146  2.89801  2.37887  2.77519  2.98518  4.58477  3.61503
          0.02526  4.08713  4.80948  0.61958  0.77255  0.48576  0.95510
     86   3.18127  5.14159  3.37073  2.95875  4.57753  3.64133  3.89692  4.02177  0.77778  3.54258  4.49757  3.37175  4.13071  3.07989  2.49696  3.21221  3.42106  3.71932  5.54762  4.39391     96 k - - -
          2.68618  4.42225  2.77519  2.73123  3.46354  2.40513  3.72494  3.29354  2.67741  2.69355  4.24690  2.90347  2.73739  3.18146  2.89801  2.37887  2.77519  2.98518  4.58477  3.61503
          0.02526  4.08713  4.80948  0.61958  0.77255  0.48576  0.95510
     87   3.26430  4.56730  4.91793  4.39395  3.31536  4.58990  4.99655  1.19637  4.23750  1.37415  3.12728  4.63091  4.82019  4.43504  4.38704  3.96580  3.50716  1.86840  5.36492  4.21483     97 i - - -
          2.68618  4.42225  2.77519  2.73123  3.46354  2.40513  3.72494  3.29354  2.67741  2.69355  4.24690  2.90347  2.73739  3.18146  2.89801  2.37887  2.77519  2.98518  4.58477  3.61503
          0.02526  4.08713  4.80948  0.61958  0.77255  0.48576  0.95510
     88   1.83106  3.27513  3.44917  2.90213  3.55468  3.42994  3.66527  2.87368  2.84978  2.62838  3.51280  3.27954  3.88812  3.12611  3.20411  2.44569  2.52208  2.66273  4.98462  3.64349     98 a - - -
          2.68618  4.42225  2.77519  2.73123  3.46354  2.40513  3.72494  3.29354  2.67741  2.69355  4.24690  2.90347  2.73739  3.18146  2.89801  2.37887  2.77519  2.98518  4.58477  3.61503
          0.02526  4.08713  4.80948  0.61958  0.77255  0.48576  0.95510
     89   3.26308  5.07677  3.77713  3.24979  4.48660  3.70292  4.00223  4.04779  2.35427  3.52484  4.52393  3.59071  4.19915  3.21584  0.69497  3.33971  3.51701  3.76356  5.48498  4.37225     99 r - - -
          2.68618  4.42225  2.77519  2.73123  3.46354  2.40513  3.72494  3.29354  2.67741  2.69355  4.24690  2.90347  2.73739  3.18146  2.89801  2.37887  2.77519  2.98518  4.58477  3.61503
          0.02526  4.08713  4.80948  0.61958  0.77255  0.48576  0.95510
     90   2.95160  5.16569  3.03265  2.59636  4.52871  3.55140  3.66984  3.94434  1.83839  3.42540  4.28153  3.07105  3.98212  1.47404  2.35658  2.93559  3.15944  3.60662  5.52284  4.26150    100 q - - -
          2.68618  4.42225  2.77519  2.73123  3.46354  2.40513  3.72494  3.29354  2.67741  2.69355  4.24690  2.90347  2.73739  3.18146  2.89801  2.37887  2.77519  2.98518  4.58477  3.61503
          0.02526  4.08713  4.80948  0.61958  0.77255  0.48576  0.95510
     91   3.34751  4.75378  4.64526  4.18935  3.11355  4.40675  4.76218  2.28864  3.91632  0.74460  2.95000  4.44840  4.71095  4.20513  4.06711  3.84165  3.60934  2.39678  5.15225  3.93149    101 l - - -
          2.68618  4.42225  2.77519  2.73123  3.46354  2.40513  3.72494  3.29354  2.67741  2.69355  4.24690  2.90347  2.73739  3.18146  2.89801  2.37887  2.77519  2.98518  4.58477  3.61503
          0.02526  4.08713  4.80948  0.61958  0.77255  0.48576  0.95510
     92   3.05811  5.16807  3.40623  2.73897  4.60365  3.67990  3.65063  3.94632  1.86134  3.41088  4.27673  3.16686  4.05780  2.70734  1.18255  3.05833  3.15117  3.63116  5.47891  4.30073    102 r - - -
          2.68618  4.42225  2.77519  2.73123  3.46354  2.40513  3.72494  3.29354  2.67741  2.69355  4.24690  2.90347  2.73739  3.18146  2.89801  2.37887  2.77519  2.98518  4.58477  3.61503
          0.02526  4.08713  4.80948  0.61958  0.77255  0.48576  0.95510
     93   3.10894  5.21229  3.48155  2.84620  4.67309  3.70207  3.66706  4.02860  1.05131  3.46841  4.34639  3.24662  4.08291  2.80455  1.89933  3.10413  3.27964  3.71002  5.50177  4.33639    103 k - - -
          2.68618  4.42225  2.77519  2.73123  3.46354  2.40513  3.72494  3.29354  2.67741  2.69355  4.24690  2.90347  2.73739  3.18146  2.89801  2.37887  2.77519  2.98518  4.58477  3.61503
          0.02526  4.08713  4.80948  0.61958  0.77255  0.48576  0.95510
     94   3.69343  4.91975  4.68381  4.34986  1.73576  4.43908  3.38252  3.48521  4.18243  2.73964  4.05328  4.08719  4.73702  4.14471  4.21650  3.78755  3.90589  3.37342  3.21457  0.86182    104 y - - -
          2.68618  4.42225  2.77519  2.73123  3.46354  2.40513  3.72494  3.29354  2.67741  2.69355  4.24690  2.90347  2.73739  3.18146  2.89801  2.37887  2.77519  2.98518  4.58477  3.61503
          0.02526  4.08713  4.80948  0.61958  0.77255  0.48576  0.95510
     95   3.18127  5.14159  3.37073  2.95875  4.57753  3.64133  3.89692  4.02177  0.77778  3.54258  4.49757  3.37175  4.13071  3.07989  2.49696  3.21221  3.42106  3.71932  5.54762  4.39391    105 k - - -
          2.68618  4.42225  2.77519  2.73123  3.46354  2.40513  3.72494  3.29354  2.67741  2.69355  4.24690  2.90347  2.73739  3.18146  2.89801  2.37887  2.77519  2.98518  4.58477  3.61503
          0.02526  4.08713  4.80948  0.61958  0.77255  0.48576  0.95510
     96   2.92072  5.38162  2.15453  1.12514  4.70045  3.28764  3.79235  4.16008  2.74007  3.71134  4.56200  2.77521  3.88313  2.95632  3.27913  2.83904  3.03761  3.76246  5.89119  4.43202    106 e - - -
          2.68618  4.42225  2.77519  2.73123  3.46354  2.40513  3.72494  3.29354  2.67741  2.69355  4.24690  2.90347  2.73739  3.18146  2.89801  2.37887  2.77519  2.98518  4.58477  3.61503
          0.02526  4.08713  4.80948  0.61958  0.77255  0.48576  0.95510
     97   3.12847  5.24792  3.55326  2.81975  4.73067  3.73349  3.63978  4.05700  1.39130  3.47720  4.34590  3.24934  4.08952  2.77038  1.37464  3.11557  3.28197  3.73745  5.50236  4.35093    107 r - - -
          2.68618  4.42225  2.77519  2.73123  3.46354  2.40513  3.72494  3.29354  2.67741  2.69355  4.24690  2.90347  2.73739  3.18146  2.89801  2.37887  2.77519  2.98518  4.58477  3.61503
          0.02526  4.08713  4.80948  0.61958  0.77255  0.48576  0.95510
     98   2.66270  4.91983  3.03154  2.45452  4.20121  3.45485  2.99837  3.46948  2.17625  2.93076  3.89804  2.57447  3.83871  2.62982  2.13192  2.67386  2.88393  3.25316  5.37002  4.04572    108 r - - -
          2.68618  4.42225  2.77519  2.73123  3.46354  2.40513  3.72494  3.29354  2.67741  2.69355  4.24690  2.90347  2.73739  3.18146  2.89801  2.37887  2.77519  2.98518  4.58477  3.61503
          0.03180  4.08713  4.23246  0.61958  0.77255  0.48576  0.95510
     99   2.56521  4.79176  2.97413  2.43027  3.80367  3.34136  3.30322  3.44859  2.39695  2.74062  3.80634  2.69259  3.80843  2.29691  2.72221  2.47896  2.80298  3.11052  5.29026  3.84238    109 q - - -
          2.68618  4.42225  2.77519  2.73123  3.46354  2.40513  3.72494  3.29354  2.67741  2.69355  4.24690  2.90347  2.73739  3.18146  2.89801  2.37887  2.77519  2.98518  4.58477  3.61503
          0.02825  4.08075  4.51330  0.61958  0.77255  0.48130  0.96228
    100   2.48048  5.04331  2.31913  2.21197  4.26409  3.27410  3.37722  3.78645  2.20995  3.33435  4.09449  2.73822  3.77425  2.63256  2.66698  2.48194  2.74290  3.39268  5.49372  4.10027    110 k - - -
          2.68618  4.42225  2.77519  2.73123  3.46354  2.40513  3.72494  3.29354  2.67741  2.69355  4.24690  2.90347  2.73739  3.18146  2.89801  2.37887  2.77519  2.98518  4.58477  3.61503
          0.02533  4.08439  4.80673  0.61958  0.77255  0.48383  0.95820
    101   2.67610  5.02567  2.91135  2.40861  4.34563  3.43882  2.89497  3.75029  1.79233  3.29868  4.08413  2.87045  3.82893  2.57777  2.42715  2.60227  2.75941  3.34429  5.45305  4.11054    111 k - - -
          2.68618  4.42225  2.77519  2.73123  3.46354  2.40513  3.72494  3.29354  2.67741  2.69355  4.24690  2.90347  2.73739  3.18146  2.89801  2.37887  2.77519  2.98518  4.58477  3.61503
          0.03896  4.08713  3.84314  0.61958  0.77255  0.48576  0.95510
    102   2.54187  4.84487  2.88633  2.37656  4.03639  3.34644  3.17564  3.17494  1.97435  3.07339  3.81600  2.80484  3.68056  2.72231  2.78950  2.53600  2.79458  3.12858  5.33338  3.94419    112 k - - -
          2.68618  4.42225  2.77519  2.73123  3.46354  2.40513  3.72494  3.29354  2.67741  2.69355  4.24690  2.90347  2.73739  3.18146  2.89801  2.37887  2.77519  2.98518  4.58477  3.61503
          0.03288  4.07377  4.17772  0.61958  0.77255  0.48410  0.95777
    103   2.47404  4.71800  2.98040  2.46651  3.88505  3.27024  2.88537  3.21431  2.41402  2.95086  3.79545  2.92827  3.66401  2.65752  2.86462  2.62668  2.38048  2.91578  5.23337  3.82498    113 t - - -
          2.68618  4.42225  2.77519  2.73123  3.46354  2.40513  3.72494  3.29354  2.67741  2.69355  4.24690  2.90347  2.73739  3.18146  2.89801  2.37887  2.77519  2.98518  4.58477  3.61503
          0.02975  4.07590  4.39494  0.61958  0.77255  0.49323  0.94327
    104   2.52274  4.91190  2.91266  2.33772  4.18833  3.26418  2.84901  3.57040  2.32645  3.18613  3.97407  2.69527  3.37263  2.49744  2.74163  2.42900  2.80650  3.13940  5.38761  3.94766    114 k - - -
          2.68618  4.42225  2.77519  2.73123  3.46354  2.40513  3.72494  3.29354  2.67741  2.69355  4.24690  2.90347  2.73739  3.18146  2.89801  2.37887  2.77519  2.98518  4.58477  3.61503
          0.04579  4.07461  3.58410  0.61958  0.77255  0.49233  0.94470
    105   2.37734  4.87245  2.82094  2.37288  4.14034  3.25701  3.23201  3.55302  2.26932  3.03215  3.93973  2.73805  3.21230  2.71347  2.81285  2.44261  2.68991  3.12046  5.35962  4.00407    115 k - - -
          2.68618  4.42225  2.77519  2.73123  3.46354  2.40513  3.72494  3.29354  2.67741  2.69355  4.24690  2.90347  2.73739  3.18146  2.89801  2.37887  2.77519  2.98518  4.58477  3.61503
          0.04711  4.05908  3.54904  0.61958  0.77255  0.50891  0.91917
    106   2.56464  4.81851  2.89656  2.31559  4.01117  2.96971  3.50656  3.38784  2.37389  2.99710  3.88708  2.86528  3.53210  2.47481  2.77258  2.43441  2.75298  2.87886  5.31315  3.96936    116 e - - -
          2.68618  4.42225  2.77519  2.73123  3.46354  2.40513  3.72494  3.29354  2.67741  2.69355  4.24690  2.90347  2.73739  3.18146  2.89801  2.37887  2.77519  2.98518  4.58477  3.61503
          0.02641  4.04289  4.76524  0.61958  0.77255  0.52157  0.90038
    107   2.52643  4.73177  2.97765  2.37263  3.65930  3.25889  3.14505  3.33377  2.34870  2.98513  3.80717  2.96008  3.28807  2.75579  2.79385  2.48785  2.62494  2.79036  5.24338  3.91923    117 k - - -
          2.68618  4.42225  2.77519  2.73123  3.46354  2.40513  3.72494  3.29354  2.67741  2.69355  4.24690  2.90347  2.73739  3.18146  2.89801  2.37887  2.77519  2.98518  4.58477  3.61503
          0.05189  4.04973  3.40691  0.61958  0.77255  0.46112  0.99581
    108   2.57477  4.81927  2.99096  2.42354  4.07662  3.40547  3.55002  3.39577  1.99626  2.97530  3.89419  2.86626  3.55945  2.75654  2.62636  2.45999  2.51877  3.06901  5.31214  3.98088    118 k - - -
          2.68608  4.42238  2.77517  2.73123  3.46355  2.40524  3.72500  3.29361  2.67735  2.69359  4.24684  2.90341  2.73738  3.18157  2.89811  2.37880  2.77505  2.98518  4.58489  3.61512
          0.31266  1.38625  3.99040  1.07225  0.41891  0.51232  0.91406
    109   2.51743  4.69228  2.97614  2.38199  3.91724  3.29735  3.64157  3.12121  2.45924  2.87920  3.77930  2.83622  3.61499  2.70984  2.91591  2.46203  2.27304  2.90041  5.21930  3.90391    124 t - - -
          2.68618  4.42225  2.77519  2.73123  3.46354  2.40513  3.72494  3.29354  2.67741  2.69355  4.24690  2.90347  2.73739  3.18146  2.89801  2.37887  2.77519  2.98518  4.58477  3.61503
          0.17611  4.05288  1.93726  0.61958  0.77255  0.50885  0.91927
    110   2.29147  4.48691  3.09010  2.53313  3.71133  3.09041  3.67581  2.84487  2.55672  2.71472  3.61897  2.90185  3.73771  2.88323  2.94295  2.52943  2.54947  2.73724  5.07422  3.79415    125 a - - -
          2.68618  4.42225  2.77519  2.73123  3.46354  2.40513  3.72494  3.29354  2.67741  2.69355  4.24690  2.90347  2.73739  3.18146  2.89801  2.37887  2.77519  2.98518  4.58477  3.61503
          0.03003  3.91643  4.63877  0.61958  0.77255  0.40164  1.10630
    111   2.54761  5.01083  2.50606  1.81422  4.30610  3.26722  3.60258  3.70840  2.38210  3.13671  4.07551  2.75893  3.73139  2.67031  2.86979  2.55386  2.77583  3.21338  5.47993  4.09529    126 e - - -
          2.68618  4.42225  2.77519  2.73123  3.46354  2.40513  3.72494  3.29354  2.67741  2.69355  4.24690  2.90347  2.73739  3.18146  2.89801  2.37887  2.77519  2.98518  4.58477  3.61503
          0.03695  4.08292  3.94143  0.61958  0.77255  0.49051  0.94756
    112   2.28673  4.57684  3.01486  2.41368  3.76849  3.28548  3.67987  3.02492  2.53519  2.70875  3.66613  3.00528  3.80999  2.83113  2.97939  2.54395  2.63647  2.49582  5.11935  3.73740    127 a - - -
          2.68618  4.42225  2.77519  2.73123  3.46354  2.40513  3.72494  3.29354  2.67741  2.69355  4.24690  2.90347  2.73739  3.18146  2.89801  2.37887  2.77519  2.98518  4.58477  3.61503
          0.04252  4.07162  3.70598  0.61958  0.77255  0.47511  0.97237
    113   2.50394  4.16404  3.71971  3.01373  3.26541  3.53505  3.91053  2.32817  3.06873  2.12116  3.15692  3.37181  3.78235  3.34338  3.35169  2.89294  2.66740  1.91846  4.78363  3.57232    128 v - - -
          2.68618  4.42225  2.77519  2.73123  3.46354  2.40513  3.72494  3.29354  2.67741  2.69355  4.24690  2.90347  2.73739  3.18146  2.89801  2.37887  2.77519  2.98518  4.58477  3.61503
          0.02834  4.07096  4.52105  0.61958  0.77255  0.47467  0.97310
    114   2.39718  4.84036  2.80590  2.14336  4.09484  3.40315  3.55545  3.42423  2.39742  2.93322  3.90923  2.82767  3.35801  2.70810  2.85062  2.46111  2.72046  2.89827  5.33438  3.98706    129 e - - -
          2.68618  4.42225  2.77519  2.73123  3.46354  2.40513  3.72494  3.29354  2.67741  2.69355  4.24690  2.90347  2.73739  3.18146  2.89801  2.37887  2.77519  2.98518  4.58477  3.61503
          0.02532  4.08458  4.80692  0.61958  0.77255  0.48397  0.95798
    115   2.54246  5.00839  2.61422  2.05782  4.31251  3.29807  3.57877  3.69615  2.33046  3.19758  3.90430  2.77014  3.33827  2.44883  2.82213  2.43021  2.73278  3.37732  5.46707  4.08077    130 e - - -
          2.68618  4.42225  2.77519  2.73123  3.46354  2.40513  3.72494  3.29354  2.67741  2.69355  4.24690  2.90347  2.73739  3.18146  2.89801  2.37887  2.77519  2.98518  4.58477  3.61503
          0.02526  4.08713  4.80948  0.61958  0.77255  0.48576  0.95510
    116   2.48478  5.01529  2.66194  2.13885  4.25937  3.22968  3.48897  3.72598  2.25317  3.23737  4.06632  2.79123  3.44755  2.41044  2.74232  2.48512  2.74969  3.32355  5.46961  4.03111    131 e - - -
          2.68616  4.42228  2.77519  2.73123  3.46357  2.40516  3.72492  3.29357  2.67744  2.69357  4.24693  2.90347  2.73724  3.18149  2.89804  2.37886  2.77519  2.98515  4.58480  3.61506
          0.17178  1.89924  4.80948  0.48951  0.94914  0.48576  0.95510
    117   2.45835  4.50120  3.16494  2.52996  3.41599  3.41894  3.70988  2.96473  2.57270  2.58586  3.55692  3.00104  3.00626  2.94141  3.00636  2.52567  2.66543  2.54109  5.05467  3.75469    136 a - - -
          2.68618  4.42225  2.77519  2.73123  3.46354  2.40513  3.72494  3.29354  2.67741  2.69355  4.24690  2.90347  2.73739  3.18146  2.89801  2.37887  2.77519  2.98518  4.58477  3.61503
          0.12206  4.08713  2.32163  0.61958  0.77255  0.48576  0.95510
    118   2.47245  4.33305  3.27368  2.70815  3.46308  3.50242  3.66611  2.69818  2.73107  2.33490  3.40500  3.13710  3.38507  3.01140  3.10578  2.65626  2.71552  2.22790  4.90992  3.66416    137 v - - -
          2.68618  4.42225  2.77519  2.73123  3.46354  2.40513  3.72494  3.29354  2.67741  2.69355  4.24690  2.90347  2.73739  3.18146  2.89801  2.37887  2.77519  2.98518  4.58477  3.61503
          0.04474  3.99286  3.67664  0.61958  0.77255  0.43472  1.04255
    119   2.42717  4.55878  2.79493  2.49745  3.75145  3.44014  3.69156  2.84743  2.56043  2.75092  3.65430  2.94529  3.61738  2.90293  2.99760  2.60945  2.73864  2.28262  5.11047  3.82384    138 v - - -
          2.68618  4.42225  2.77519  2.73123  3.46354  2.40513  3.72494  3.29354  2.67741  2.69355  4.24690  2.90347  2.73739  3.18146  2.89801  2.37887  2.77519  2.98518  4.58477  3.61503
          0.02573  4.06884  4.79118  0.61958  0.77255  0.47327  0.97541
    120   2.52356  4.98219  2.68464  2.09795  4.27748  3.12000  3.58588  3.65712  2.24767  3.26704  4.04046  2.80054  3.33783  2.68891  2.83424  2.46927  2.51565  3.29234  5.44837  3.95437    139 e - - -
          2.68618  4.42225  2.77519  2.73123  3.46354  2.40513  3.72494  3.29354  2.67741  2.69355  4.24690  2.90347  2.73739  3.18146  2.89801  2.37887  2.77519  2.98518  4.58477  3.61503
          0.02526  4.08713  4.80948  0.61958  0.77255  0.48576  0.95510
    121   2.50185  5.05224  2.16888  2.16235  4.35373  3.16179  3.47439  3.81454  2.39177  3.19937  4.11607  2.58837  3.78976  2.70877  2.88600  2.48222  2.70532  3.36078  5.51609  4.12194    140 e - - -
          2.68618  4.42225  2.77519  2.73123  3.46354  2.40513  3.72494  3.29354  2.67741  2.69355  4.24690  2.90347  2.73739  3.18146  2.89801  2.37887  2.77519  2.98518  4.58477  3.61503
          0.02526  4.08713  4.80948  0.61958  0.77255  0.48576  0.95510
    122   2.54737  4.29286  3.39614  2.88069  3.37570  3.54083  3.83907  2.72495  2.86454  1.75347  3.41533  3.31321  3.53251  3.17557  3.20781  2.52357  2.77722  2.50051  4.90406  3.67041    141 l - - -
          2.68618  4.42225  2.77519  2.73123  3.46354  2.40513  3.72494  3.29354  2.67741  2.69355  4.24690  2.90347  2.73739  3.18146  2.89801  2.37887  2.77519  2.98518  4.58477  3.61503
          0.03333  4.08713  4.13559  0.61958  0.77255  0.48576  0.95510
    123   2.58367  4.12404  3.71875  3.19905  3.04420  3.65146  3.94067  1.93008  3.13471  1.98839  3.20072  3.39943  3.96988  3.38816  3.37818  2.92597  2.74320  2.22611  4.74050  3.53592    142 i - - -
          2.68618  4.42225  2.77519  2.73123  3.46354  2.40513  3.72494  3.29354  2.67741  2.69355  4.24690  2.90347  2.73739  3.18146  2.89801  2.37887  2.77519  2.98518  4.58477  3.61503
          0.02546  4.07926  4.80161  0.61958  0.77255  0.48028  0.96394
    124   2.57776  4.74519  2.94216  2.41329  3.97633  2.49129  3.63809  3.18079  2.35692  2.74501  3.82526  2.79354  3.81928  2.78112  2.82006  2.52621  2.72870  3.03224  5.25942  3.93652    143 k - - -
          2.68618  4.42225  2.77519  2.73123  3.46354  2.40513  3.72494  3.29354  2.67741  2.69355  4.24690  2.90347  2.73739  3.18146  2.89801  2.37887  2.77519  2.98518  4.58477  3.61503
          0.02526  4.08713  4.80948  0.61958  0.77255  0.48576  0.95510
    125   2.77799  5.33428  1.67110  2.04205  4.63660  3.14018  3.69465  4.13137  2.55319  3.62442  4.41709  2.36187  3.83293  2.56393  3.11634  2.60097  2.94651  3.70760  5.78098  4.32710    144 d - - -
          2.68621  4.42228  2.77518  2.73116  3.46357  2.40496  3.72497  3.29357  2.67743  2.69358  4.24693  2.90350  2.73742  3.18144  2.89804  2.37890  2.77522  2.98521  4.58480  3.61506
          0.23102  1.61888  4.80948  0.25641  1.48646  0.48576  0.95510
    126   2.82992  4.99839  3.26065  2.63118  4.32836  3.48117  3.44305  3.64449  1.94272  3.17823  3.93148  3.09485  3.94343  2.69515  1.52804  2.79664  2.94111  3.39038  5.38806  4.13631    146 r - - -
          2.68618  4.42225  2.77519  2.73123  3.46354  2.40513  3.72494  3.29354  2.67741  2.69355  4.24690  2.90347  2.73739  3.18146  2.89801  2.37887  2.77519  2.98518  4.58477  3.61503
          0.02526  4.08713  4.80948  0.61958  0.77255  0.48576  0.95510
    127   2.39180  4.89299  2.86888  2.02560  4.16515  3.39384  3.47106  3.48753  2.39258  3.17016  3.96803  2.90781  3.80083  2.52543  2.85975  2.45118  2.44921  3.21623  5.38418  4.02917    147 e - - -
          2.68618  4.42225  2.77519  2.73123  3.46354  2.40513  3.72494  3.29354  2.67741  2.69355  4.24690  2.90347  2.73739  3.18146  2.89801  2.37887  2.77519  2.98518  4.58477  3.61503
          0.02526  4.08713  4.80948  0.61958  0.77255  0.48576  0.95510
    128   1.94820  4.33522  3.38527  2.96867  4.03984  3.17967  4.03160  3.32562  2.92751  3.03066  3.95649  3.27326  1.67434  3.27926  3.20839  2.57180  2.75664  2.77818  5.41836  4.17268    148 p - - -
          2.68618  4.42225  2.77519  2.73123  3.46354  2.40513  3.72494  3.29354  2.67741  2.69355  4.24690  2.90347  2.73739  3.18146  2.89801  2.37887  2.77519  2.98518  4.58477  3.61503
          0.02526  4.08713  4.80948  0.61958  0.77255  0.48576  0.95510
    129   2.56818  5.00826  2.82598  1.77656  4.30496  3.34790  3.42937  3.69817  2.28744  3.28815  4.07219  2.88138  3.80391  2.48882  2.77211  2.49196  2.76928  3.31652  5.46759  4.09738    149 e - - -
          2.68618  4.42225  2.77519  2.73123  3.46354  2.40513  3.72494  3.29354  2.67741  2.69355  4.24690  2.90347  2.73739  3.18146  2.89801  2.37887  2.77519  2.98518  4.58477  3.61503
          0.02526  4.08713  4.80948  0.61958  0.77255  0.48576  0.95510
    130   3.31302  4.72597  4.65610  4.18791  3.12016  4.40101  4.77214  2.25435  3.92775  0.77102  2.97151  4.44177  4.70524  4.20423  4.08224  3.81257  3.57784  2.30967  5.16781  3.95645    150 l - - -
          2.68618  4.42225  2.77519  2.73123  3.46354  2.40513  3.72494  3.29354  2.67741  2.69355  4.24690  2.90347  2.73739  3.18146  2.89801  2.37887  2.77519  2.98518  4.58477  3.61503
          0.02526  4.08713  4.80948  0.61958  0.77255  0.48576  0.95510
    131   2.79453  4.70386  3.16442  2.96987  4.10558  3.34283  3.65406  3.85607  3.00677  3.43985  4.39317  3.35399  0.93465  3.42997  3.31114  2.91250  3.18886  3.48163  5.42986  4.11762    151 p - - -
          2.68618  4.42225  2.77519  2.73123  3.46354  2.40513  3.72494  3.29354  2.67741  2.69355  4.24690  2.90347  2.73739  3.18146  2.89801  2.37887  2.77519  2.98518  4.58477  3.61503
          0.02526  4.08713  4.80948  0.61958  0.77255  0.48576  0.95510
    132   2.41442  5.05817  2.60056  1.99250  4.36434  3.28825  3.52964  3.82787  2.31381  3.34823  4.11747  2.71362  3.18305  2.65406  2.86577  2.36381  2.83403  3.37977  5.51622  4.12059    152 e - - -
          2.68618  4.42225  2.77519  2.73123  3.46354  2.40513  3.72494  3.29354  2.67741  2.69355  4.24690  2.90347  2.73739  3.18146  2.89801  2.37887  2.77519  2.98518  4.58477  3.61503
          0.03824  4.08713  3.87597  0.61958  0.77255  0.48576  0.95510
    133   2.61158  5.06734  2.60330  1.79909  4.37370  3.36438  3.59916  3.83507  2.29010  3.35407  3.98489  2.82631  2.96679  2.59434  2.79635  2.61659  2.84457  3.43850  5.52002  4.12765    153 e - - -
          2.68618  4.42225  2.77519  2.73123  3.46354  2.40513  3.72494  3.29354  2.67741  2.69355  4.24690  2.90347  2.73739  3.18146  2.89801  2.37887  2.77519  2.98518  4.58477  3.61503
          0.02558  4.07447  4.79682  0.61958  0.77255  0.49990  0.93290
    134   2.46646  4.20724  3.71340  3.24542  3.62672  2.75705  4.10678  2.58059  3.17613  2.64436  3.58999  3.49357  3.94567  3.47986  3.46314  2.51920  2.83466  1.44038  5.11956  3.89901    154 v - - -
          2.68618  4.42225  2.77519  2.73123  3.46354  2.40513  3.72494  3.29354  2.67741  2.69355  4.24690  2.90347  2.73739  3.18146  2.89801  2.37887  2.77519  2.98518  4.58477  3.61503
          0.02558  4.07447  4.79682  0.61958  0.77255  0.49990  0.93290
    135   3.11892  4.44187  4.80684  4.31127  3.60296  4.45462  5.03279  1.56371  4.19037  2.08959  3.41682  4.53289  4.77588  4.46742  4.39476  3.84264  3.38785  0.96500  5.56357  4.34636    155 v - - -
          2.68618  4.42225  2.77519  2.73123  3.46354  2.40513  3.72494  3.29354  2.67741  2.69355  4.24690  2.90347  2.73739  3.18146  2.89801  2.37887  2.77519  2.98518  4.58477  3.61503
          0.02558  4.07447  4.79682  0.61958  0.77255  0.49990  0.93290
    136   3.13059  5.15679  3.56989  2.92605  4.60463  3.71141  3.69329  3.97309  1.81403  3.43287  4.33270  3.30070  4.10416  2.84215  1.05570  3.14641  3.30810  3.67033  5.47082  4.31786    156 r - - -
          2.68618  4.42225  2.77519  2.73123  3.46354  2.40513  3.72494  3.29354  2.67741  2.69355  4.24690  2.90347  2.73739  3.18146  2.89801  2.37887  2.77519  2.98518  4.58477  3.61503
          0.02558  4.07447  4.79682  0.61958  0.77255  0.49990  0.93290
    137   2.56038  4.38241  3.17099  2.61089  3.75603  3.45556  3.70119  3.13408  2.54658  2.80245  3.10966  2.69488  3.85467  2.91464  2.63588  2.61823  2.20948  2.76496  5.11144  3.83116    157 t - - -
          2.68618  4.42225  2.77519  2.73123  3.46354  2.40513  3.72494  3.29354  2.67741  2.69355  4.24690  2.90347  2.73739  3.18146  2.89801  2.37887  2.77519  2.98518  4.58477  3.61503
          0.02558  4.07447  4.79682  0.61958  0.77255  0.49990  0.93290
    138   3.16787  5.12922  3.35659  2.94615  4.56218  3.63011  3.88743  4.00542  0.79154  3.52869  4.48373  3.35997  4.11987  3.07068  2.49142  3.19926  3.40830  3.70344  5.53706  4.38116    158 k - - -
          2.68618  4.42225  2.77519  2.73123  3.46354  2.40513  3.72494  3.29354  2.67741  2.69355  4.24690  2.90347  2.73739  3.18146  2.89801  2.37887  2.77519  2.98518  4.58477  3.61503
          0.02558  4.07447  4.79682  0.61958  0.77255  0.49990  0.93290
    139   3.62606  4.93125  4.48034  4.16494  1.87064  4.34078  3.53053  3.37600  4.01704  2.72790  3.99725  4.03789  4.68353  4.07818  4.11055  3.72963  3.86292  3.29252  3.69674  0.82130    159 y - - -
          2.68618  4.42225  2.77519  2.73123  3.46354  2.40513  3.72494  3.29354  2.67741  2.69355  4.24690  2.90347  2.73739  3.18146  2.89801  2.37887  2.77519  2.98518  4.58477  3.61503
          0.02558  4.07447  4.79682  0.61958  0.77255  0.49990  0.93290
    140   3.52659  4.87047  4.51640  4.27336  0.73118  4.16047  3.98303  3.03016  4.17647  2.35547  3.73294  4.25257  4.61762  4.28967  4.24604  3.78324  3.82940  3.03501  4.17987  2.52471    160 f - - -
          2.68618  4.42225  2.77519  2.73123  3.46354  2.40513  3.72494  3.29354  2.67741  2.69355  4.24690  2.90347  2.73739  3.18146  2.89801  2.37887  2.77519  2.98518  4.58477  3.61503
          0.02558  4.07447  4.79682  0.61958  0.77255  0.49990  0.93290
    141   1.70985  4.56307  3.09497  2.42031  3.91385  3.33873  3.74822  3.26099  2.59958  2.90937  3.69866  3.04233  3.64094  2.94780  3.01837  2.41838  2.74747  2.98169  5.24497  3.95521    161 a - - -
          2.68618  4.42225  2.77519  2.73123  3.46354  2.40513  3.72494  3.29354  2.67741  2.69355  4.24690  2.90347  2.73739  3.18146  2.89801  2.37887  2.77519  2.98518  4.58477  3.61503
          0.02558  4.07447  4.79682  0.61958  0.77255  0.49990  0.93290
    142   3.12887  4.62027  4.38337  3.90098  3.17856  4.15310  4.55902  2.30134  3.63763  1.66730  1.26630  4.16817  4.52182  3.97553  3.82879  3.54538  3.40391  2.36932  5.12171  3.89667    162 m - - -
          2.68618  4.42225  2.77519  2.73123  3.46354  2.40513  3.72494  3.29354  2.67741  2.69355  4.24690  2.90347  2.73739  3.18146  2.89801  2.37887  2.77519  2.98518  4.58477  3.61503
          0.02558  4.07447  4.79682  0.61958  0.77255  0.49990  0.93290
    143   2.50721  4.64315  2.96323  2.52127  3.99834  3.35218  3.60738  3.33391  2.56774  2.99139  3.87768  2.92319  1.99477  2.92400  2.98966  2.50499  2.68386  3.07801  5.30490  4.00150    163 p - - -
          2.68618  4.42225  2.77519  2.73123  3.46354  2.40513  3.72494  3.29354  2.67741  2.69355  4.24690  2.90347  2.73739  3.18146  2.89801  2.37887  2.77519  2.98518  4.58477  3.61503
          0.02558  4.07447  4.79682  0.61958  0.77255  0.49990  0.93290
    144   2.14616  4.33221  3.28089  3.00239  4.20101  3.09665  4.12672  3.54224  3.03051  3.17098  4.16290  3.27382  1.35370  3.38436  3.35413  2.45400  2.83031  3.11512  5.56734  4.30779    164 p - - -
          2.68618  4.42225  2.77519  2.73123  3.46354  2.40513  3.72494  3.29354  2.67741  2.69355  4.24690  2.90347  2.73739  3.18146  2.89801  2.37887  2.77519  2.98518  4.58477  3.61503
          0.02791  4.07447  4.55415  0.61958  0.77255  0.49990  0.93290
    145   3.19051  4.58987  4.60494  4.05614  3.16390  4.36349  4.68717  1.98398  3.87003  1.55990  1.41683  4.33593  4.62614  4.10065  4.04842  3.70780  3.42788  2.22024  5.15877  4.02072    165 m - - -
          2.68618  4.42225  2.77519  2.73123  3.46354  2.40513  3.72494  3.29354  2.67741  2.69355  4.24690  2.90347  2.73739  3.18146  2.89801  2.37887  2.77519  2.98518  4.58477  3.61503
          0.02564  4.07220  4.79455  0.61958  0.77255  0.50240  0.92907
    146   2.40518  4.46788  2.97645  2.70992  4.17916  3.12469  3.91573  3.58904  2.80539  3.23794  4.06689  2.89473  3.78051  3.12108  3.21546  1.77843  1.80269  3.17263  5.48909  4.20378    166 s - - -
          2.68618  4.42225  2.77519  2.73123  3.46354  2.40513  3.72494  3.29354  2.67741  2.69355  4.24690  2.90347  2.73739  3.18146  2.89801  2.37887  2.77519  2.98518  4.58477  3.61503
          0.02564  4.07220  4.79455  0.61958  0.77255  0.50240  0.92907
    147   2.69041  4.18309  4.14564  3.57612  3.32559  3.86247  4.21119  1.86278  3.46602  1.97823  3.17757  3.82389  3.98233  3.71595  3.68258  2.96322  2.91547  1.57168  4.92493  3.72825    167 v - - -
          2.68618  4.42225  2.77519  2.73123  3.46354  2.40513  3.72494  3.29354  2.67741  2.69355  4.24690  2.90347  2.73739  3.18146  2.89801  2.37887  2.77519  2.98518  4.58477  3.61503
          0.02564  4.07220  4.79455  0.61958  0.77255  0.50240  0.92907
    148   2.45202  5.07407  2.45960  1.82000  4.37962  3.33951  3.55906  3.84340  2.37992  3.34049  4.03659  2.82483  3.78814  2.47390  2.82727  2.54309  2.80173  3.44509  5.52972  4.13272    168 e - - -
          2.68618  4.42225  2.77519  2.73123  3.46354  2.40513  3.72494  3.29354  2.67741  2.69355  4.24690  2.90347  2.73739  3.18146  2.89801  2.37887  2.77519  2.98518  4.58477  3.61503
          0.02564  4.07220  4.79455  0.61958  0.77255  0.50240  0.92907
    149   2.65074  5.32836  2.12134  1.42402  4.62789  3.30086  3.70575  4.11306  2.59103  3.61833  4.42359  2.76593  3.83926  2.51960  3.12272  2.74962  3.02034  3.70015  5.78279  4.33413    169 e - - -
          2.68618  4.42225  2.77519  2.73123  3.46354  2.40513  3.72494  3.29354  2.67741  2.69355  4.24690  2.90347  2.73739  3.18146  2.89801  2.37887  2.77519  2.98518  4.58477  3.61503
          0.02564  4.07220  4.79455  0.61958  0.77255  0.50240  0.92907
    150   0.76020  4.30348  3.67632  3.48225  4.26190  3.12166  4.47914  3.41812  3.50395  3.29006  4.30363  3.57786  3.88025  3.82751  3.73746  2.65395  2.94543  3.03750  5.66885  4.49296    170 a - - -
          2.68618  4.42225  2.77519  2.73123  3.46354  2.40513  3.72494  3.29354  2.67741  2.69355  4.24690  2.90347  2.73739  3.18146  2.89801  2.37887  2.77519  2.98518  4.58477  3.61503
          0.02564  4.07220  4.79455  0.61958  0.77255  0.50240  0.92907
    151   2.67768  4.46980  3.45130  2.85651  3.59828  3.59304  3.77412  2.89572  2.49409  1.76831  3.43856  3.27157  3.96683  2.87080  2.43845  2.85578  2.87454  2.69030  5.00754  3.77585    171 l - - -
          2.68618  4.42225  2.77519  2.73123  3.46354  2.40513  3.72494  3.29354  2.67741  2.69355  4.24690  2.90347  2.73739  3.18146  2.89801  2.37887  2.77519  2.98518  4.58477  3.61503
          0.02564  4.07220  4.79455  0.61958  0.77255  0.50240  0.92907
    152   2.58698  5.09568  2.55456  1.71750  4.40157  3.36302  3.03032  3.86446  2.25717  3.37971  4.15541  2.84026  3.79823  2.69808  2.78659  2.63467  2.88955  3.39935  5.54215  4.11053    172 e - - -
          2.68618  4.42225  2.77519  2.73123  3.46354  2.40513  3.72494  3.29354  2.67741  2.69355  4.24690  2.90347  2.73739  3.18146  2.89801  2.37887  2.77519  2.98518  4.58477  3.61503
          0.02564  4.07220  4.79455  0.61958  0.77255  0.50240  0.92907
    153   2.84374  5.10349  2.79433  2.45122  4.31199  3.44637  3.27915  3.87054  2.29768  3.38865  4.22815  2.69970  3.91203  1.51528  2.61335  2.82616  3.07728  3.52015  5.47073  4.11154    173 q - - -
          2.68618  4.42225  2.77519  2.73123  3.46354  2.40513  3.72494  3.29354  2.67741  2.69355  4.24690  2.90347  2.73739  3.18146  2.89801  2.37887  2.77519  2.98518  4.58477  3.61503
          0.02564  4.07220  4.79455  0.61958  0.77255  0.50240  0.92907
    154   3.38634  4.79196  4.50942  4.15464  3.22342  4.23367  4.74812  2.44288  3.92050  0.66323  3.19193  4.41072  4.63752  4.24061  4.06206  3.83466  3.67308  2.53123  5.17049  3.93842    174 L - - -
          2.68618  4.42225  2.77519  2.73123  3.46354  2.40513  3.72494  3.29354  2.67741  2.69355  4.24690  2.90347  2.73739  3.18146  2.89801  2.37887  2.77519  2.98518  4.58477  3.61503
          0.02564  4.07220  4.79455  0.61958  0.77255  0.50240  0.92907
    155   2.70614  5.29718  2.04121  1.88961  4.60151  3.31331  3.68116  4.08773  2.53185  3.58512  4.37914  2.77718  3.82996  1.90448  3.01839  2.69361  3.04751  3.67159  5.74078  4.30156    175 e - - -
          2.68618  4.42225  2.77519  2.73123  3.46354  2.40513  3.72494  3.29354  2.67741  2.69355  4.24690  2.90347  2.73739  3.18146  2.89801  2.37887  2.77519  2.98518  4.58477  3.61503
          0.02564  4.07220  4.79455  0.61958  0.77255  0.50240  0.92907
    156   3.18831  4.57755  4.62178  4.06013  3.03429  4.37648  4.65578  2.15524  3.91370  0.91461  2.76053  4.25047  4.61962  4.09851  4.08698  3.70587  3.41701  2.19691  5.09821  3.94786    176 l - - -
          2.68618  4.42225  2.77519  2.73123  3.46354  2.40513  3.72494  3.29354  2.67741  2.69355  4.24690  2.90347  2.73739  3.18146  2.89801  2.37887  2.77519  2.98518  4.58477  3.61503
          0.02564  4.07220  4.79455  0.61958  0.77255  0.50240  0.92907
    157   3.13586  4.43857  4.88238  4.39119  3.62152  4.50529  5.10317  1.30825  4.28195  2.11927  3.42125  4.60045  4.81419  4.54537  4.47576  3.89936  3.40307  1.09589  5.60009  4.39286    177 v - - -
          2.68618  4.42225  2.77519  2.73123  3.46354  2.40513  3.72494  3.29354  2.67741  2.69355  4.24690  2.90347  2.73739  3.18146  2.89801  2.37887  2.77519  2.98518  4.58477  3.61503
          0.02564  4.07220  4.79455  0.61958  0.77255  0.50240  0.92907
    158   2.96035  5.28593  1.00491  2.28652  4.79595  2.51232  3.93676  4.34326  2.99789  3.88849  4.76651  2.85034  3.91246  3.13088  3.57013  2.90215  3.30016  3.89712  5.97211  4.56269    178 d - - -
          2.68618  4.42225  2.77519  2.73123  3.46354  2.40513  3.72494  3.29354  2.67741  2.69355  4.24690  2.90347  2.73739  3.18146  2.89801  2.37887  2.77519  2.98518  4.58477  3.61503
          0.02564  4.07220  4.79455  0.61958  0.77255  0.50240  0.92907
    159   3.23774  5.01179  3.34353  3.12790  3.44287  3.63206  0.78274  3.97176  2.96634  3.43851  4.50061  3.52737  4.19776  3.49801  3.21779  3.30793  3.54975  3.70327  4.90423  3.38902    179 h - - -
          2.68618  4.42225  2.77519  2.73123  3.46354  2.40513  3.72494  3.29354  2.67741  2.69355  4.24690  2.90347  2.73739  3.18146  2.89801  2.37887  2.77519  2.98518  4.58477  3.61503
          0.02564  4.07220  4.79455  0.61958  0.77255  0.50240  0.92907
    160   3.21655  5.36126  0.66895  2.48200  4.76802  3.37315  4.12373  4.40430  3.24821  3.97868  4.96557  3.04675  4.04043  3.36629  3.78821  3.15938  3.56090  4.02361  5.89648  4.61361    180 D - - -
          2.68618  4.42225  2.77519  2.73123  3.46354  2.40513  3.72494  3.29354  2.67741  2.69355  4.24690  2.90347  2.73739  3.18146  2.89801  2.37887  2.77519  2.98518  4.58477  3.61503
          0.02564  4.07220  4.79455  0.61958  0.77255  0.50240  0.92907
    161   3.52341  4.86793  4.51325  4.26968  0.73386  4.15804  3.98161  3.02714  4.17281  2.35293  3.73020  4.24985  4.61516  4.28662  4.24295  3.78025  3.82618  3.03183  4.17894  2.52399    181 f - - -
          2.68618  4.42225  2.77519  2.73123  3.46354  2.40513  3.72494  3.29354  2.67741  2.69355  4.24690  2.90347  2.73739  3.18146  2.89801  2.37887  2.77519  2.98518  4.58477  3.61503
          0.02564  4.07220  4.79455  0.61958  0.77255  0.50240  0.92907
    162   3.65206  4.93248  4.53742  4.22254  1.78135  4.37325  3.51660  3.38099  4.07451  2.72243  3.99329  4.05849  4.70342  4.10447  4.15095  3.75434  3.88333  3.30086  3.67275  0.84221    182 y - - -
          2.68618  4.42225  2.77519  2.73123  3.46354  2.40513  3.72494  3.29354  2.67741  2.69355  4.24690  2.90347  2.73739  3.18146  2.89801  2.37887  2.77519  2.98518  4.58477  3.61503
          0.02564  4.07220  4.79455  0.61958  0.77255  0.50240  0.92907
    163   3.07888  4.46550  4.58829  4.03200  3.24496  4.28907  4.65399  2.08178  3.89219  1.60704  1.87319  4.28556  4.57288  4.10208  4.07118  3.62263  3.31844  1.56519  5.16567  4.02971    183 v - - -
          2.68618  4.42225  2.77519  2.73123  3.46354  2.40513  3.72494  3.29354  2.67741  2.69355  4.24690  2.90347  2.73739  3.18146  2.89801  2.37887  2.77519  2.98518  4.58477  3.61503
          0.02564  4.07220  4.79455  0.61958  0.77255  0.50240  0.92907
    164   3.51294  4.84627  4.51637  4.21174  0.86174  4.29390  3.74470  3.00766  4.07619  2.31621  3.66502  4.13894  4.66158  4.15451  4.15872  3.73294  3.77299  3.00668  3.92276  2.17706    184 f - - -
          2.68618  4.42225  2.77519  2.73123  3.46354  2.40513  3.72494  3.29354  2.67741  2.69355  4.24690  2.90347  2.73739  3.18146  2.89801  2.37887  2.77519  2.98518  4.58477  3.61503
          0.02564  4.07220  4.79455  0.61958  0.77255  0.50240  0.92907
    165   2.70428  4.15700  3.19108  2.57542  4.03235  3.51583  3.33364  3.43012  2.22758  2.88712  3.87261  3.04658  3.89326  2.71884  1.72447  2.74294  2.91963  3.13444  5.25353  3.85664    185 r - - -
          2.68618  4.42225  2.77519  2.73123  3.46354  2.40513  3.72494  3.29354  2.67741  2.69355  4.24690  2.90347  2.73739  3.18146  2.89801  2.37887  2.77519  2.98518  4.58477  3.61503
          0.02564  4.07220  4.79455  0.61958  0.77255  0.50240  0.92907
    166   2.90215  5.36473  2.14276  2.02429  4.67968  3.27469  3.77699  4.17749  2.72762  3.70341  4.54349  1.38494  3.86932  2.94126  3.26898  2.75457  3.18659  3.77022  5.87293  4.41108    186 n - - -
          2.68618  4.42225  2.77519  2.73123  3.46354  2.40513  3.72494  3.29354  2.67741  2.69355  4.24690  2.90347  2.73739  3.18146  2.89801  2.37887  2.77519  2.98518  4.58477  3.61503
          0.02564  4.07220  4.79455  0.61958  0.77255  0.50240  0.92907
    167   2.14813  4.75795  3.00303  2.30751  3.99636  3.36287  3.63012  3.29216  2.22962  2.96070  3.83820  2.95342  3.81591  2.73309  2.79339  2.43892  2.79231  2.90907  5.26834  3.94470    187 a - - -
          2.68618  4.42225  2.77519  2.73123  3.46354  2.40513  3.72494  3.29354  2.67741  2.69355  4.24690  2.90347  2.73739  3.18146  2.89801  2.37887  2.77519  2.98518  4.58477  3.61503
          0.02564  4.07220  4.79455  0.61958  0.77255  0.50240  0.92907
    168   2.59651  5.15541  2.33917  1.67841  4.46199  3.30407  3.63224  3.93342  2.28074  3.41141  4.22385  2.79838  3.80329  2.68232  2.93963  2.52255  2.83805  3.49148  5.60831  4.19599    188 e - - -
          2.68618  4.42225  2.77519  2.73123  3.46354  2.40513  3.72494  3.29354  2.67741  2.69355  4.24690  2.90347  2.73739  3.18146  2.89801  2.37887  2.77519  2.98518  4.58477  3.61503
          0.02564  4.07220  4.79455  0.61958  0.77255  0.50240  0.92907
    169   2.40280  4.39264  3.15522  2.82781  4.19988  3.04134  3.99977  3.60683  2.89527  3.27365  4.10924  2.70046  3.77759  3.22568  3.26894  2.15740  1.45273  3.16924  5.52207  4.25592    189 t - - -
          2.68618  4.42225  2.77519  2.73123  3.46354  2.40513  3.72494  3.29354  2.67741  2.69355  4.24690  2.90347  2.73739  3.18146  2.89801  2.37887  2.77519  2.98518  4.58477  3.61503
          0.02564  4.07220  4.79455  0.61958  0.77255  0.50240  0.92907
    170   2.82470  5.29235  2.02291  2.15245  4.60899  1.93504  3.72718  4.09459  2.62700  3.61201  4.42509  2.30048  3.84179  2.74114  3.18315  2.70718  3.09455  3.68548  5.78793  4.34146    190 g - - -
          2.68618  4.42225  2.77519  2.73123  3.46354  2.40513  3.72494  3.29354  2.67741  2.69355  4.24690  2.90347  2.73739  3.18146  2.89801  2.37887  2.77519  2.98518  4.58477  3.61503
          0.02564  4.07220  4.79455  0.61958  0.77255  0.50240  0.92907
    171   2.74268  5.26952  2.38675  1.31774  4.57397  3.28015  3.71115  4.04105  2.54444  3.56109  4.38037  2.80327  3.85756  2.55749  2.96012  2.77457  3.09405  3.64971  5.72936  4.31322    191 e - - -
          2.68618  4.42225  2.77519  2.73123  3.46354  2.40513  3.72494  3.29354  2.67741  2.69355  4.24690  2.90347  2.73739  3.18146  2.89801  2.37887  2.77519  2.98518  4.58477  3.61503
          0.02564  4.07220  4.79455  0.61958  0.77255  0.50240  0.92907
    172   3.23961  4.54130  4.90567  4.36718  3.32735  4.58012  4.98309  1.16058  4.22258  1.47636  3.04025  4.60948  4.80457  4.41577  4.37824  3.94521  3.47924  1.82836  5.36842  4.23202    192 i - - -
          2.68618  4.42225  2.77519  2.73123  3.46354  2.40513  3.72494  3.29354  2.67741  2.69355  4.24690  2.90347  2.73739  3.18146  2.89801  2.37887  2.77519  2.98518  4.58477  3.61503
          0.02564  4.07220  4.79455  0.61958  0.77255  0.50240  0.92907
    173   2.83238  5.11341  2.63179  2.38934  4.42328  3.37055  3.72747  3.94453  2.43982  3.47337  4.31790  1.55317  3.89378  2.26844  2.76643  2.81010  3.09733  3.57240  5.59303  4.22046    193 n - - -
          2.68618  4.42225  2.77519  2.73123  3.46354  2.40513  3.72494  3.29354  2.67741  2.69355  4.24690  2.90347  2.73739  3.18146  2.89801  2.37887  2.77519  2.98518  4.58477  3.61503
          0.02564  4.07220  4.79455  0.61958  0.77255  0.50240  0.92907
    174   2.96854  4.46097  4.39826  4.07192  3.70403  3.92645  4.84170  2.06211  3.94285  2.35906  3.64294  4.22853  4.47902  4.29024  4.13551  3.44602  3.32723  0.80571  5.52080  4.26299    194 v - - -
          2.68618  4.42225  2.77519  2.73123  3.46354  2.40513  3.72494  3.29354  2.67741  2.69355  4.24690  2.90347  2.73739  3.18146  2.89801  2.37887  2.77519  2.98518  4.58477  3.61503
          0.02564  4.07220  4.79455  0.61958  0.77255  0.50240  0.92907
    175   3.12793  4.47119  4.85899  4.33080  3.47660  4.52850  5.00343  1.07336  4.20675  1.84470  3.17981  4.56700  4.79048  4.43882  4.38981  3.89605  3.41617  1.58383  5.46867  4.30342    195 i - - -
          2.68618  4.42225  2.77519  2.73123  3.46354  2.40513  3.72494  3.29354  2.67741  2.69355  4.24690  2.90347  2.73739  3.18146  2.89801  2.37887  2.77519  2.98518  4.58477  3.61503
          0.02564  4.07220  4.79455  0.61958  0.77255  0.50240  0.92907
    176   3.54787  4.95542  4.13903  3.90985  2.32903  4.06746  3.73025  3.53067  3.76193  2.93190  4.18564  3.97793  4.53849  4.01914  3.90283  3.66295  3.83656  3.41119  3.97904  0.68884    196 Y - - -
          2.68618  4.42225  2.77519  2.73123  3.46354  2.40513  3.72494  3.29354  2.67741  2.69355  4.24690  2.90347  2.73739  3.18146  2.89801  2.37887  2.77519  2.98518  4.58477  3.61503
          0.02564  4.07220  4.79455  0.61958  0.77255  0.50240  0.92907
    177   2.60790  4.96424  2.93884  1.87264  4.26035  3.41338  3.46067  3.52131  2.15484  3.22462  3.88789  2.90983  3.80439  2.56882  2.50951  2.60376  2.83166  3.23769  5.41647  4.06368    197 e - - -
          2.68618  4.42225  2.77519  2.73123  3.46354  2.40513  3.72494  3.29354  2.67741  2.69355  4.24690  2.90347  2.73739  3.18146  2.89801  2.37887  2.77519  2.98518  4.58477  3.61503
          0.02564  4.07220  4.79455  0.61958  0.77255  0.50240  0.92907
    178   3.24378  5.06009  3.75606  3.23093  4.46598  3.68755  3.98800  4.02542  2.34372  3.50518  4.50400  3.57335  4.18390  3.20177  0.71212  3.32070  3.49835  3.74168  5.47009  4.35413    198 r - - -
          2.68618  4.42225  2.77519  2.73123  3.46354  2.40513  3.72494  3.29354  2.67741  2.69355  4.24690  2.90347  2.73739  3.18146  2.89801  2.37887  2.77519  2.98518  4.58477  3.61503
          0.02564  4.07220  4.79455  0.61958  0.77255  0.50240  0.92907
    179   2.73691  4.92814  2.66297  2.43063  4.33412  3.22701  3.77560  3.80640  2.44223  3.39768  4.24319  1.42315  3.86840  2.95268  2.95933  2.68821  3.00824  3.38093  5.56657  4.10868    199 n - - -
          2.68618  4.42225  2.77520  2.73124  3.46354  2.40513  3.72482  3.29354  2.67741  2.69355  4.24690  2.90346  2.73740  3.18147  2.89801  2.37886  2.77520  2.98519  4.58477  3.61503
          0.05608  3.07350  4.79455  0.50465  0.92562  0.50240  0.92907
    180   3.07408  4.95835  3.16099  2.93620  3.37132  3.56036  0.99089  3.86553  2.78403  3.36775  4.38114  3.27860  4.11837  3.31636  3.05481  3.13065  3.38197  3.57512  4.85791  3.30392    201 h - - -
          2.68618  4.42225  2.77519  2.73123  3.46354  2.40513  3.72494  3.29354  2.67741  2.69355  4.24690  2.90347  2.73739  3.18146  2.89801  2.37887  2.77519  2.98518  4.58477  3.61503
          0.02564  4.07220  4.79455  0.61958  0.77255  0.50240  0.92907
    181   2.52499  4.49439  3.04581  2.89917  4.39518  1.02229  4.15026  3.88724  2.93372  3.54981  4.42697  3.23470  3.84473  3.40885  3.26500  2.62952  2.97665  3.40061  5.68156  4.42137    202 g - - -
          2.68618  4.42225  2.77519  2.73123  3.46354  2.40513  3.72494  3.29354  2.67741  2.69355  4.24690  2.90347  2.73739  3.18146  2.89801  2.37887  2.77519  2.98518  4.58477  3.61503
          0.02564  4.07220  4.79455  0.61958  0.77255  0.50240  0.92907
    182   2.93244  4.68346  3.64676  3.57379  4.70371  0.47816  4.67760  4.35610  3.78197  3.98375  4.96428  3.81169  4.08072  4.09065  3.99198  3.11079  3.42922  3.84583  5.74175  4.81386    203 G - - -
          2.68618  4.42225  2.77519  2.73123  3.46354  2.40513  3.72494  3.29354  2.67741  2.69355  4.24690  2.90347  2.73739  3.18146  2.89801  2.37887  2.77519  2.98518  4.58477  3.61503
          0.02564  4.07220  4.79455  0.61958  0.77255  0.50240  0.92907
    183   3.66781  4.93449  4.56930  4.25666  1.72438  4.39082  3.51039  3.38651  4.10770  2.72234  3.99412  4.07089  4.71504  4.12071  4.17364  3.76913  3.89647  3.30795  3.66122  0.85700    204 y - - -
          2.68618  4.42225  2.77519  2.73123  3.46354  2.40513  3.72494  3.29354  2.67741  2.69355  4.24690  2.90347  2.73739  3.18146  2.89801  2.37887  2.77519  2.98518  4.58477  3.61503
          0.02564  4.07220  4.79455  0.61958  0.77255  0.50240  0.92907
    184   2.93244  4.68346  3.64676  3.57379  4.70371  0.47816  4.67760  4.35610  3.78197  3.98375  4.96428  3.81169  4.08072  4.09065  3.99198  3.11079  3.42922  3.84583  5.74175  4.81386    205 G - - -
          2.68618  4.42225  2.77519  2.73123  3.46354  2.40513  3.72494  3.29354  2.67741  2.69355  4.24690  2.90347  2.73739  3.18146  2.89801  2.37887  2.77519  2.98518  4.58477  3.61503
          0.02564  4.07220  4.79455  0.61958  0.77255  0.50240  0.92907
    185   3.11508  4.46974  4.70130  4.18574  3.43194  4.38324  4.85997  1.86088  4.03973  1.59093  3.27139  4.42424  4.69467  4.30043  4.23453  3.75324  3.37537  1.12156  5.38001  4.18056    206 v - - -
          2.68618  4.42225  2.77519  2.73123  3.46354  2.40513  3.72494  3.29354  2.67741  2.69355  4.24690  2.90347  2.73739  3.18146  2.89801  2.37887  2.77519  2.98518  4.58477  3.61503
          0.02564  4.07220  4.79455  0.61958  0.77255  0.50240  0.92907
    186   3.19954  4.53867  4.74051  4.28524  3.42601  4.44143  4.94537  0.96105  4.09404  1.86312  3.30135  4.51549  4.76655  4.39792  4.27365  3.86448  3.46978  1.79749  5.41419  4.16777    207 i - - -
          2.68618  4.42225  2.77519  2.73123  3.46354  2.40513  3.72494  3.29354  2.67741  2.69355  4.24690  2.90347  2.73739  3.18146  2.89801  2.37887  2.77519  2.98518  4.58477  3.61503
          0.02564  4.07220  4.79455  0.61958  0.77255  0.50240  0.92907
    187   2.71368  4.66701  3.10318  2.53891  4.06057  3.48238  3.61248  3.48880  2.30764  3.02544  3.85071  3.05497  3.89401  1.60482  2.61766  2.75974  2.94563  3.10168  5.30012  3.99391    208 q - - -
          2.68618  4.42225  2.77519  2.73123  3.46354  2.40513  3.72494  3.29354  2.67741  2.69355  4.24690  2.90347  2.73739  3.18146  2.89801  2.37887  2.77519  2.98518  4.58477  3.61503
          0.02564  4.07220  4.79455  0.61958  0.77255  0.50240  0.92907
    188   2.08002  4.40726  3.10881  2.75883  4.24021  3.12055  4.02276  3.62225  2.92103  3.30425  4.15042  3.17073  1.54805  3.25087  3.29023  2.33206  2.83410  3.18430  5.56313  4.29722    209 p - - -
          2.68618  4.42225  2.77519  2.73123  3.46354  2.40513  3.72494  3.29354  2.67741  2.69355  4.24690  2.90347  2.73739  3.18146  2.89801  2.37887  2.77519  2.98518  4.58477  3.61503
          0.02564  4.07220  4.79455  0.61958  0.77255  0.50240  0.92907
    189   3.05921  5.18450  3.46766  2.79825  4.57803  3.69535  3.10471  3.96365  1.73212  3.41075  4.27244  3.20866  4.05443  2.76492  1.27191  3.05375  3.22242  3.64652  5.45115  4.26146    210 r - - -
          2.68618  4.42225  2.77519  2.73123  3.46354  2.40513  3.72494  3.29354  2.67741  2.69355  4.24690  2.90347  2.73739  3.18146  2.89801  2.37887  2.77519  2.98518  4.58477  3.61503
          0.08440  4.07220  2.75047  0.61958  0.77255  0.50240  0.92907
    190   2.56540  5.01181  2.66434  2.23059  4.26795  3.21932  3.39916  3.73288  2.26745  3.28465  4.06754  2.35534  3.31925  2.52354  2.78413  2.50649  2.82633  3.35307  5.46843  4.08056    211 e - - -
          2.68618  4.42225  2.77519  2.73123  3.46354  2.40513  3.72494  3.29354  2.67741  2.69355  4.24690  2.90347  2.73739  3.18146  2.89801  2.37887  2.77519  2.98518  4.58477  3.61503
          0.10039  4.01035  2.55892  0.61958  0.77255  0.56161  0.84465
    191   2.41136  4.77961  2.80425  2.31208  4.09527  2.59184  3.62586  3.51896  2.43601  3.09933  3.92631  2.64543  3.55413  2.70598  2.85639  2.49532  2.67666  3.12164  5.34631  4.00468    212 e - - -
          2.68618  4.42225  2.77519  2.73123  3.46354  2.40513  3.72494  3.29354  2.67741  2.69355  4.24690  2.90347  2.73739  3.18146  2.89801  2.37887  2.77519  2.98518  4.58477  3.61503
          0.05033  3.93930  3.51930  0.61958  0.77255  0.62612  0.76499
    192   2.58838  4.90489  2.58168  2.28194  4.13683  3.06936  3.47497  3.64512  2.39362  3.21926  4.03012  2.10523  3.77311  2.77160  2.92008  2.42975  2.76433  3.28827  5.43414  4.06845    213 n - - -
          2.68618  4.42225  2.77519  2.73123  3.46354  2.40513  3.72494  3.29354  2.67741  2.69355  4.24690  2.90347  2.73739  3.18146  2.89801  2.37887  2.77519  2.98518  4.58477  3.61503
          0.14595  3.91892  2.15467  0.61958  0.77255  0.64308  0.74585
    193   2.50523  4.79787  2.67757  2.25409  4.05572  2.81987  3.49303  3.47904  2.38699  3.05460  3.78076  2.60196  3.69566  2.65700  2.84997  2.54494  2.79399  3.11083  5.30612  3.90113    214 e - - -
          2.68624  4.42239  2.77531  2.73130  3.46367  2.40502  3.72403  3.29366  2.67744  2.69366  4.24698  2.90307  2.73748  3.18146  2.89811  2.37891  2.77507  2.98524  4.58491  3.61517
          0.44927  1.12961  3.25069  1.14274  0.38411  0.59410  0.80309
    194   2.51862  4.71412  2.85156  2.38814  3.96066  2.71145  3.50304  3.37199  2.37904  2.98643  3.73826  2.69184  3.74198  2.73241  2.85240  2.43837  2.77432  2.94675  5.24053  3.80080    219 k - - -
          2.68618  4.42225  2.77519  2.73123  3.46354  2.40513  3.72494  3.29354  2.67741  2.69355  4.24690  2.90347  2.73739  3.18146  2.89801  2.37887  2.77519  2.98518  4.58477  3.61503
          0.07437  3.87778  2.97638  0.61958  0.77255  0.67550  0.71111
    195   2.53583  4.75376  2.81111  2.36199  3.99330  3.17881  2.86945  3.41094  2.33659  2.91785  3.83886  2.64038  3.76970  2.69951  2.81202  2.55994  2.78964  3.01356  5.25587  3.86446    220 k - - -
          2.68614  4.42229  2.77523  2.73127  3.46358  2.40512  3.72482  3.29356  2.67744  2.69359  4.24693  2.90339  2.73742  3.18150  2.89799  2.37890  2.77504  2.98518  4.58481  3.61503
          0.43822  1.13671  3.38309  0.22008  1.62177  0.69176  0.69454
    196   2.57134  4.92132  2.48106  2.26279  4.20027  2.99119  3.36886  3.64122  2.30698  3.11501  4.00398  2.45270  3.63540  2.66972  2.79748  2.54651  2.81762  3.28143  5.40597  4.03554    222 e - - -
          2.68534  4.42278  2.77566  2.73116  3.46401  2.40531  3.72346  3.29369  2.67700  2.69396  4.24687  2.90323  2.73749  3.18163  2.89838  2.37875  2.77526  2.98494  4.58554  3.61561
          0.45096  1.01340        *  2.61938  0.07564  0.00000        *
//
