HMMER3/f [3.1b2 | February 2015]
NAME  cspD
ACC   TIGR02381.1
DESC  JCVI: cold shock domain-containing protein CspD
LENG  68
ALPH  amino
RF    no
MM    no
CONS  yes
CS    no
MAP   yes
DATE  Fri Nov  2 18:12:00 2018
NSEQ  5
EFFN  0.795898
CKSUM 4100867798
GA    115.4 115.4
TC    115.4 115.4
NC    113 113
STATS LOCAL MSV       -8.9879  0.71885
STATS LOCAL VITERBI   -9.2706  0.71885
STATS LOCAL FORWARD   -4.3018  0.71885
HMM          A        C        D        E        F        G        H        I        K        L        M        N        P        Q        R        S        T        V        W        Y
            m->m     m->i     m->d     i->m     i->i     d->m     d->d
  COMPO   2.52891  4.49404  2.91059  2.78378  2.93292  2.42016  3.55474  2.76447  2.60797  2.74386  3.67420  3.04188  3.79516  3.09228  3.19011  2.74853  2.97762  2.61958  4.25923  3.29640
          2.68618  4.42225  2.77519  2.73123  3.46354  2.40513  3.72494  3.29354  2.67741  2.69355  4.24690  2.90347  2.73739  3.18146  2.89801  2.37887  2.77519  2.98518  4.58477  3.61503
          0.02565  4.07197  4.79432  0.61958  0.77255  0.00000        *
      1   3.13751  4.65717  4.26960  3.88260  3.31089  3.98623  4.57170  2.50714  3.63846  1.87929  1.04130  4.13410  4.45179  4.00939  3.81944  3.50539  3.44877  2.53553  5.17570  3.95300      1 m - - -
          2.68618  4.42225  2.77519  2.73123  3.46354  2.40513  3.72494  3.29354  2.67741  2.69355  4.24690  2.90347  2.73739  3.18146  2.89801  2.37887  2.77519  2.98518  4.58477  3.61503
          0.02565  4.07197  4.79432  0.61958  0.77255  0.48576  0.95510
      2   2.02359  4.95981  2.71520  1.87837  4.24039  3.36831  2.75023  3.68769  2.47210  3.26665  4.08963  2.90089  3.83952  2.83395  2.91791  2.70253  2.95204  3.33979  5.46893  4.10676      2 e - - -
          2.68618  4.42225  2.77519  2.73123  3.46354  2.40513  3.72494  3.29354  2.67741  2.69355  4.24690  2.90347  2.73739  3.18146  2.89801  2.37887  2.77519  2.98518  4.58477  3.61503
          0.02565  4.07197  4.79432  0.61958  0.77255  0.48576  0.95510
      3   2.58818  4.41817  3.32654  2.79393  3.64295  3.48785  3.80082  2.15641  2.37046  2.68200  3.57613  3.21887  3.91165  3.06811  3.05021  2.35983  2.46382  2.67620  5.05015  3.80027      3 i - - -
          2.68618  4.42225  2.77519  2.73123  3.46354  2.40513  3.72494  3.29354  2.67741  2.69355  4.24690  2.90347  2.73739  3.18146  2.89801  2.37887  2.77519  2.98518  4.58477  3.61503
          0.02565  4.07197  4.79432  0.61958  0.77255  0.48576  0.95510
      4   2.93211  4.68317  3.64638  3.57338  4.70333  0.47839  4.67722  4.35565  3.78153  3.98333  4.96385  3.81131  4.08042  4.09023  3.99158  3.11045  3.42887  3.84543  5.74144  4.81347      4 G - - -
          2.68618  4.42225  2.77519  2.73123  3.46354  2.40513  3.72494  3.29354  2.67741  2.69355  4.24690  2.90347  2.73739  3.18146  2.89801  2.37887  2.77519  2.98518  4.58477  3.61503
          0.02565  4.07197  4.79432  0.61958  0.77255  0.48576  0.95510
      5   2.65594  4.42421  3.44643  2.91116  3.63244  3.57635  3.87531  2.01962  2.31356  2.60324  3.55661  3.32018  3.99027  3.15352  3.05779  2.86347  2.19208  2.50943  5.07918  3.83860      5 i - - -
          2.68618  4.42225  2.77519  2.73123  3.46354  2.40513  3.72494  3.29354  2.67741  2.69355  4.24690  2.90347  2.73739  3.18146  2.89801  2.37887  2.77519  2.98518  4.58477  3.61503
          0.02565  4.07197  4.79432  0.61958  0.77255  0.48576  0.95510
      6   2.96836  4.46083  4.39796  4.07160  3.70385  3.92623  4.84141  2.06206  3.94253  2.35891  3.64277  4.22824  4.47880  4.28993  4.13521  3.44577  3.32705  0.80592  5.52058  4.26276      6 v - - -
          2.68618  4.42225  2.77519  2.73123  3.46354  2.40513  3.72494  3.29354  2.67741  2.69355  4.24690  2.90347  2.73739  3.18146  2.89801  2.37887  2.77519  2.98518  4.58477  3.61503
          0.02565  4.07197  4.79432  0.61958  0.77255  0.48576  0.95510
      7   3.16524  5.12679  3.35381  2.94369  4.55916  3.62791  3.88558  4.00220  0.79427  3.52597  4.48102  3.35767  4.11774  3.06888  2.49036  3.19673  3.40580  3.70033  5.53499  4.37866      7 k - - -
          2.68618  4.42225  2.77519  2.73123  3.46354  2.40513  3.72494  3.29354  2.67741  2.69355  4.24690  2.90347  2.73739  3.18146  2.89801  2.37887  2.77519  2.98518  4.58477  3.61503
          0.02565  4.07197  4.79432  0.61958  0.77255  0.48576  0.95510
      8   3.68838  4.98816  4.40989  4.16847  2.89915  3.96530  4.16780  3.72534  3.88894  3.08378  4.34912  4.27845  4.50056  4.26612  3.98065  3.89000  3.99988  3.62104  0.56377  2.89155      8 W - - -
          2.68618  4.42225  2.77519  2.73123  3.46354  2.40513  3.72494  3.29354  2.67741  2.69355  4.24690  2.90347  2.73739  3.18146  2.89801  2.37887  2.77519  2.98518  4.58477  3.61503
          0.02565  4.07197  4.79432  0.61958  0.77255  0.48576  0.95510
      9   3.52309  4.86768  4.51294  4.26932  0.73412  4.15780  3.98147  3.02684  4.17245  2.35268  3.72992  4.24958  4.61492  4.28632  4.24264  3.77995  3.82586  3.03152  4.17885  2.52392      9 f - - -
          2.68618  4.42225  2.77519  2.73123  3.46354  2.40513  3.72494  3.29354  2.67741  2.69355  4.24690  2.90347  2.73739  3.18146  2.89801  2.37887  2.77519  2.98518  4.58477  3.61503
          0.02565  4.07197  4.79432  0.61958  0.77255  0.48576  0.95510
     10   2.90174  4.89698  2.83881  2.74682  4.29326  3.32822  4.10089  4.05166  3.02417  3.67694  4.63447  0.84790  3.99187  3.37778  3.38238  2.96368  3.29250  3.65336  5.57642  4.23021     10 n - - -
          2.68618  4.42225  2.77519  2.73123  3.46354  2.40513  3.72494  3.29354  2.67741  2.69355  4.24690  2.90347  2.73739  3.18146  2.89801  2.37887  2.77519  2.98518  4.58477  3.61503
          0.02565  4.07197  4.79432  0.61958  0.77255  0.48576  0.95510
     11   2.90174  4.89698  2.83881  2.74682  4.29326  3.32822  4.10089  4.05166  3.02417  3.67694  4.63447  0.84790  3.99187  3.37778  3.38238  2.96368  3.29250  3.65336  5.57642  4.23021     11 n - - -
          2.68618  4.42225  2.77519  2.73123  3.46354  2.40513  3.72494  3.29354  2.67741  2.69355  4.24690  2.90347  2.73739  3.18146  2.89801  2.37887  2.77519  2.98518  4.58477  3.61503
          0.02565  4.07197  4.79432  0.61958  0.77255  0.48576  0.95510
     12   1.25905  4.23338  3.85862  3.47202  3.88155  3.28890  4.37124  2.64834  3.40392  2.74556  3.80503  3.61210  3.95924  3.71350  3.67172  2.72029  2.88523  1.88407  5.44970  4.23168     12 a - - -
          2.68618  4.42225  2.77519  2.73123  3.46354  2.40513  3.72494  3.29354  2.67741  2.69355  4.24690  2.90347  2.73739  3.18146  2.89801  2.37887  2.77519  2.98518  4.58477  3.61503
          0.02565  4.07197  4.79432  0.61958  0.77255  0.48576  0.95510
     13   3.16524  5.12679  3.35381  2.94369  4.55916  3.62791  3.88558  4.00220  0.79427  3.52597  4.48102  3.35767  4.11774  3.06888  2.49036  3.19673  3.40580  3.70033  5.53499  4.37866     13 k - - -
          2.68618  4.42225  2.77519  2.73123  3.46354  2.40513  3.72494  3.29354  2.67741  2.69355  4.24690  2.90347  2.73739  3.18146  2.89801  2.37887  2.77519  2.98518  4.58477  3.61503
          0.02565  4.07197  4.79432  0.61958  0.77255  0.48576  0.95510
     14   2.93211  4.68317  3.64638  3.57338  4.70333  0.47839  4.67722  4.35565  3.78153  3.98333  4.96385  3.81131  4.08042  4.09023  3.99158  3.11045  3.42887  3.84543  5.74144  4.81347     14 G - - -
          2.68618  4.42225  2.77519  2.73123  3.46354  2.40513  3.72494  3.29354  2.67741  2.69355  4.24690  2.90347  2.73739  3.18146  2.89801  2.37887  2.77519  2.98518  4.58477  3.61503
          0.02565  4.07197  4.79432  0.61958  0.77255  0.48576  0.95510
     15   3.65486  4.89545  4.66318  4.35116  0.95541  4.41696  3.53037  3.30164  4.19511  2.62289  3.90203  4.11602  4.72773  4.16789  4.22650  3.79122  3.87930  3.24136  3.67132  1.55783     15 f - - -
          2.68618  4.42225  2.77519  2.73123  3.46354  2.40513  3.72494  3.29354  2.67741  2.69355  4.24690  2.90347  2.73739  3.18146  2.89801  2.37887  2.77519  2.98518  4.58477  3.61503
          0.02565  4.07197  4.79432  0.61958  0.77255  0.48576  0.95510
     16   2.93211  4.68317  3.64638  3.57338  4.70333  0.47839  4.67722  4.35565  3.78153  3.98333  4.96385  3.81131  4.08042  4.09023  3.99158  3.11045  3.42887  3.84543  5.74144  4.81347     16 G - - -
          2.68618  4.42225  2.77519  2.73123  3.46354  2.40513  3.72494  3.29354  2.67741  2.69355  4.24690  2.90347  2.73739  3.18146  2.89801  2.37887  2.77519  2.98518  4.58477  3.61503
          0.02565  4.07197  4.79432  0.61958  0.77255  0.48576  0.95510
     17   3.52309  4.86768  4.51294  4.26932  0.73412  4.15780  3.98147  3.02684  4.17245  2.35268  3.72992  4.24958  4.61492  4.28632  4.24264  3.77995  3.82586  3.03152  4.17885  2.52392     17 f - - -
          2.68618  4.42225  2.77519  2.73123  3.46354  2.40513  3.72494  3.29354  2.67741  2.69355  4.24690  2.90347  2.73739  3.18146  2.89801  2.37887  2.77519  2.98518  4.58477  3.61503
          0.02565  4.07197  4.79432  0.61958  0.77255  0.48576  0.95510
     18   3.18906  4.55847  4.61003  4.23707  3.51610  4.27495  4.93226  0.86015  4.06910  2.06620  3.42542  4.45511  4.69115  4.39968  4.24348  3.79352  3.48639  1.87231  5.44501  4.19756     18 i - - -
          2.68618  4.42225  2.77519  2.73123  3.46354  2.40513  3.72494  3.29354  2.67741  2.69355  4.24690  2.90347  2.73739  3.18146  2.89801  2.37887  2.77519  2.98518  4.58477  3.61503
          0.02565  4.07197  4.79432  0.61958  0.77255  0.48576  0.95510
     19   2.37238  2.39820  3.47630  2.99906  3.87551  3.18699  3.99640  3.24564  2.95879  2.95265  3.81312  2.48909  3.79722  3.27497  3.30665  2.14169  2.17153  2.89348  5.26746  4.03396     19 s - - -
          2.68618  4.42225  2.77519  2.73123  3.46354  2.40513  3.72494  3.29354  2.67741  2.69355  4.24690  2.90347  2.73739  3.18146  2.89801  2.37887  2.77519  2.98518  4.58477  3.61503
          0.02565  4.07197  4.79432  0.61958  0.77255  0.48576  0.95510
     20   2.20145  3.01266  3.17381  2.27436  3.85833  3.34443  3.79101  3.21846  2.67121  2.90574  3.76274  3.11733  2.53486  3.01039  3.07810  2.64099  2.81144  2.91427  5.21482  3.93917     20 a - - -
          2.68618  4.42225  2.77519  2.73123  3.46354  2.40513  3.72494  3.29354  2.67741  2.69355  4.24690  2.90347  2.73739  3.18146  2.89801  2.37887  2.77519  2.98518  4.58477  3.61503
          0.02565  4.07197  4.79432  0.61958  0.77255  0.48576  0.95510
     21   2.99053  5.55158  1.76765  1.17788  4.84205  3.26624  3.80901  4.36025  2.82004  3.86352  4.71845  2.73299  3.88667  2.97569  3.40945  2.87468  3.27891  3.93488  6.01023  4.51285     21 e - - -
          2.68618  4.42225  2.77519  2.73123  3.46354  2.40513  3.72494  3.29354  2.67741  2.69355  4.24690  2.90347  2.73739  3.18146  2.89801  2.37887  2.77519  2.98518  4.58477  3.61503
          0.02565  4.07197  4.79432  0.61958  0.77255  0.48576  0.95510
     22   2.33252  4.27143  3.37206  3.15086  4.37911  1.22987  4.27614  3.74613  3.24658  3.47711  4.33547  3.34380  3.77025  3.55281  3.55141  2.50656  1.99985  3.22895  5.70971  4.50177     22 g - - -
          2.68618  4.42225  2.77519  2.73123  3.46354  2.40513  3.72494  3.29354  2.67741  2.69355  4.24690  2.90347  2.73739  3.18146  2.89801  2.37887  2.77519  2.98518  4.58477  3.61503
          0.02565  4.07197  4.79432  0.61958  0.77255  0.48576  0.95510
     23   2.64414  4.74641  2.95564  2.21813  4.00088  2.85028  3.68273  3.37072  2.15845  3.01914  3.86249  2.99812  3.85264  2.85875  2.88083  2.70063  2.88523  2.23397  5.28784  3.97977     23 k - - -
          2.68618  4.42225  2.77519  2.73123  3.46354  2.40513  3.72494  3.29354  2.67741  2.69355  4.24690  2.90347  2.73739  3.18146  2.89801  2.37887  2.77519  2.98518  4.58477  3.61503
          0.02565  4.07197  4.79432  0.61958  0.77255  0.48576  0.95510
     24   2.81951  5.31593  1.77771  1.83641  4.64576  2.62141  3.72264  4.13922  2.63893  3.64504  4.45067  2.76003  3.83577  2.86730  3.19009  2.23621  3.09045  3.71624  5.81167  4.35481     24 d - - -
          2.68618  4.42225  2.77519  2.73123  3.46354  2.40513  3.72494  3.29354  2.67741  2.69355  4.24690  2.90347  2.73739  3.18146  2.89801  2.37887  2.77519  2.98518  4.58477  3.61503
          0.02565  4.07197  4.79432  0.61958  0.77255  0.48576  0.95510
     25   2.31668  5.17369  2.05241  1.96175  4.52655  2.13979  3.72110  3.99436  2.61924  3.53273  4.34206  2.79688  3.82975  2.86915  3.14935  2.72080  3.04019  3.59112  5.71960  4.29462     25 e - - -
          2.68618  4.42225  2.77519  2.73123  3.46354  2.40513  3.72494  3.29354  2.67741  2.69355  4.24690  2.90347  2.73739  3.18146  2.89801  2.37887  2.77519  2.98518  4.58477  3.61503
          0.02565  4.07197  4.79432  0.61958  0.77255  0.48576  0.95510
     26   3.21627  5.36098  0.66920  2.48180  4.76770  3.37295  4.12349  4.40392  3.24791  3.97834  4.96522  3.04654  4.04021  3.36604  3.78790  3.15912  3.56061  4.02326  5.89621  4.61332     26 D - - -
          2.68618  4.42225  2.77519  2.73123  3.46354  2.40513  3.72494  3.29354  2.67741  2.69355  4.24690  2.90347  2.73739  3.18146  2.89801  2.37887  2.77519  2.98518  4.58477  3.61503
          0.02565  4.07197  4.79432  0.61958  0.77255  0.48576  0.95510
     27   3.24370  4.55468  4.85768  4.35067  3.33948  4.55016  4.96956  1.10598  4.18036  1.52349  3.17228  4.58985  4.80327  4.41429  4.34204  3.93767  3.49228  1.84826  5.36904  4.18466     27 i - - -
          2.68618  4.42225  2.77519  2.73123  3.46354  2.40513  3.72494  3.29354  2.67741  2.69355  4.24690  2.90347  2.73739  3.18146  2.89801  2.37887  2.77519  2.98518  4.58477  3.61503
          0.02565  4.07197  4.79432  0.61958  0.77255  0.48576  0.95510
     28   3.52309  4.86768  4.51294  4.26932  0.73412  4.15780  3.98147  3.02684  4.17245  2.35268  3.72992  4.24958  4.61492  4.28632  4.24264  3.77995  3.82586  3.03152  4.17885  2.52392     28 f - - -
          2.68618  4.42225  2.77519  2.73123  3.46354  2.40513  3.72494  3.29354  2.67741  2.69355  4.24690  2.90347  2.73739  3.18146  2.89801  2.37887  2.77519  2.98518  4.58477  3.61503
          0.02565  4.07197  4.79432  0.61958  0.77255  0.48576  0.95510
     29   0.76045  4.30334  3.67606  3.48197  4.26165  3.12152  4.47889  3.41782  3.50366  3.28978  4.30337  3.57764  3.88010  3.82724  3.73719  2.65381  2.94526  3.03725  5.66862  4.49270     29 a - - -
          2.68618  4.42225  2.77519  2.73123  3.46354  2.40513  3.72494  3.29354  2.67741  2.69355  4.24690  2.90347  2.73739  3.18146  2.89801  2.37887  2.77519  2.98518  4.58477  3.61503
          0.02565  4.07197  4.79432  0.61958  0.77255  0.48576  0.95510
     30   3.23743  5.01154  3.34325  3.12759  3.44267  3.63182  0.78309  3.97141  2.96603  3.43820  4.50027  3.52707  4.19750  3.49769  3.21750  3.30762  3.54943  3.70293  4.90403  3.38882     30 h - - -
          2.68618  4.42225  2.77519  2.73123  3.46354  2.40513  3.72494  3.29354  2.67741  2.69355  4.24690  2.90347  2.73739  3.18146  2.89801  2.37887  2.77519  2.98518  4.58477  3.61503
          0.02565  4.07197  4.79432  0.61958  0.77255  0.48576  0.95510
     31   3.70536  4.93839  4.64762  4.34454  1.52641  4.43077  3.49696  3.40069  4.19101  2.72398  3.99771  4.10159  4.74229  4.16211  4.22808  3.80498  3.92849  3.32542  3.63550  0.93131     31 y - - -
          2.68618  4.42225  2.77519  2.73123  3.46354  2.40513  3.72494  3.29354  2.67741  2.69355  4.24690  2.90347  2.73739  3.18146  2.89801  2.37887  2.77519  2.98518  4.58477  3.61503
          0.02565  4.07197  4.79432  0.61958  0.77255  0.48576  0.95510
     32   2.42447  4.34509  3.39232  3.22208  4.28155  3.07189  4.32400  3.83352  3.30952  3.53985  4.45204  3.41130  3.82814  3.64385  3.58608  0.82553  2.92040  3.32423  5.63880  4.36747     32 s - - -
          2.68618  4.42225  2.77519  2.73123  3.46354  2.40513  3.72494  3.29354  2.67741  2.69355  4.24690  2.90347  2.73739  3.18146  2.89801  2.37887  2.77519  2.98518  4.58477  3.61503
          0.02565  4.07197  4.79432  0.61958  0.77255  0.48576  0.95510
     33   2.21228  4.54276  3.12859  2.23302  3.86498  3.39983  3.77848  3.10928  2.64573  2.88190  3.75683  3.10485  3.86072  2.98867  3.06066  2.68467  2.17826  2.43679  5.22829  3.94412     33 t - - -
          2.68618  4.42225  2.77519  2.73123  3.46354  2.40513  3.72494  3.29354  2.67741  2.69355  4.24690  2.90347  2.73739  3.18146  2.89801  2.37887  2.77519  2.98518  4.58477  3.61503
          0.02565  4.07197  4.79432  0.61958  0.77255  0.48576  0.95510
     34   3.18906  4.55847  4.61003  4.23707  3.51610  4.27495  4.93226  0.86015  4.06910  2.06620  3.42542  4.45511  4.69115  4.39968  4.24348  3.79352  3.48639  1.87231  5.44501  4.19756     34 i - - -
          2.68618  4.42225  2.77519  2.73123  3.46354  2.40513  3.72494  3.29354  2.67741  2.69355  4.24690  2.90347  2.73739  3.18146  2.89801  2.37887  2.77519  2.98518  4.58477  3.61503
          0.02565  4.07197  4.79432  0.61958  0.77255  0.48576  0.95510
     35   2.85228  5.21039  2.78381  2.08942  4.56300  3.45221  3.64392  3.98999  1.88888  3.47197  4.28741  2.93283  3.89976  1.78842  2.56935  2.81113  3.07268  3.61502  5.58828  4.26304     35 q - - -
          2.68618  4.42225  2.77519  2.73123  3.46354  2.40513  3.72494  3.29354  2.67741  2.69355  4.24690  2.90347  2.73739  3.18146  2.89801  2.37887  2.77519  2.98518  4.58477  3.61503
          0.02565  4.07197  4.79432  0.61958  0.77255  0.48576  0.95510
     36   2.81260  4.57552  3.49208  3.01250  3.49548  3.67155  3.94732  2.84889  2.75164  2.29312  1.71253  3.41633  4.08839  2.45675  3.03708  3.00720  3.06205  2.74647  5.07583  3.81817     36 m - - -
          2.68618  4.42225  2.77519  2.73123  3.46354  2.40513  3.72494  3.29354  2.67741  2.69355  4.24690  2.90347  2.73739  3.18146  2.89801  2.37887  2.77519  2.98518  4.58477  3.61503
          0.02565  4.07197  4.79432  0.61958  0.77255  0.48576  0.95510
     37   3.21627  5.36098  0.66920  2.48180  4.76770  3.37295  4.12349  4.40392  3.24791  3.97834  4.96522  3.04654  4.04021  3.36604  3.78790  3.15912  3.56061  4.02326  5.89621  4.61332     37 D - - -
          2.68618  4.42225  2.77519  2.73123  3.46354  2.40513  3.72494  3.29354  2.67741  2.69355  4.24690  2.90347  2.73739  3.18146  2.89801  2.37887  2.77519  2.98518  4.58477  3.61503
          0.02565  4.07197  4.79432  0.61958  0.77255  0.48576  0.95510
     38   2.93211  4.68317  3.64638  3.57338  4.70333  0.47839  4.67722  4.35565  3.78153  3.98333  4.96385  3.81131  4.08042  4.09023  3.99158  3.11045  3.42887  3.84543  5.74144  4.81347     38 G - - -
          2.68618  4.42225  2.77519  2.73123  3.46354  2.40513  3.72494  3.29354  2.67741  2.69355  4.24690  2.90347  2.73739  3.18146  2.89801  2.37887  2.77519  2.98518  4.58477  3.61503
          0.02565  4.07197  4.79432  0.61958  0.77255  0.48576  0.95510
     39   3.54751  4.95516  4.13868  3.90945  2.32895  4.06718  3.73010  3.53034  3.76153  2.93163  4.18533  3.97763  4.53822  4.01880  3.90249  3.66262  3.83620  3.41085  3.97896  0.68910     39 Y - - -
          2.68618  4.42225  2.77519  2.73123  3.46354  2.40513  3.72494  3.29354  2.67741  2.69355  4.24690  2.90347  2.73739  3.18146  2.89801  2.37887  2.77519  2.98518  4.58477  3.61503
          0.02565  4.07197  4.79432  0.61958  0.77255  0.48576  0.95510
     40   3.13722  5.20776  3.58384  2.89505  4.67764  3.72998  3.65666  4.01896  1.60740  3.45393  4.33758  3.27595  4.09798  2.79480  1.17697  3.13688  3.29722  3.70921  5.48230  4.33587     40 r - - -
          2.68618  4.42225  2.77519  2.73123  3.46354  2.40513  3.72494  3.29354  2.67741  2.69355  4.24690  2.90347  2.73739  3.18146  2.89801  2.37887  2.77519  2.98518  4.58477  3.61503
          0.02565  4.07197  4.79432  0.61958  0.77255  0.48576  0.95510
     41   2.30517  4.24299  3.44312  3.12386  4.23313  3.03693  4.18917  3.58425  3.13162  3.32102  4.17733  3.32363  3.75749  3.45653  3.44771  1.59824  1.49833  3.11299  5.59355  4.36098     41 t - - -
          2.68618  4.42225  2.77519  2.73123  3.46354  2.40513  3.72494  3.29354  2.67741  2.69355  4.24690  2.90347  2.73739  3.18146  2.89801  2.37887  2.77519  2.98518  4.58477  3.61503
          0.02565  4.07197  4.79432  0.61958  0.77255  0.48576  0.95510
     42   3.38606  4.79175  4.50906  4.15426  3.22330  4.23338  4.74782  2.44274  3.92013  0.66343  3.19186  4.41037  4.63727  4.24030  4.06173  3.83433  3.67282  2.53104  5.17030  3.93819     42 L - - -
          2.68618  4.42225  2.77519  2.73123  3.46354  2.40513  3.72494  3.29354  2.67741  2.69355  4.24690  2.90347  2.73739  3.18146  2.89801  2.37887  2.77519  2.98518  4.58477  3.61503
          0.02565  4.07197  4.79432  0.61958  0.77255  0.48576  0.95510
     43   3.16524  5.12679  3.35381  2.94369  4.55916  3.62791  3.88558  4.00220  0.79427  3.52597  4.48102  3.35767  4.11774  3.06888  2.49036  3.19673  3.40580  3.70033  5.53499  4.37866     43 k - - -
          2.68618  4.42225  2.77519  2.73123  3.46354  2.40513  3.72494  3.29354  2.67741  2.69355  4.24690  2.90347  2.73739  3.18146  2.89801  2.37887  2.77519  2.98518  4.58477  3.61503
          0.02565  4.07197  4.79432  0.61958  0.77255  0.48576  0.95510
     44   1.25905  4.23338  3.85862  3.47202  3.88155  3.28890  4.37124  2.64834  3.40392  2.74556  3.80503  3.61210  3.95924  3.71350  3.67172  2.72029  2.88523  1.88407  5.44970  4.23168     44 a - - -
          2.68618  4.42225  2.77519  2.73123  3.46354  2.40513  3.72494  3.29354  2.67741  2.69355  4.24690  2.90347  2.73739  3.18146  2.89801  2.37887  2.77519  2.98518  4.58477  3.61503
          0.02565  4.07197  4.79432  0.61958  0.77255  0.48576  0.95510
     45   2.93211  4.68317  3.64638  3.57338  4.70333  0.47839  4.67722  4.35565  3.78153  3.98333  4.96385  3.81131  4.08042  4.09023  3.99158  3.11045  3.42887  3.84543  5.74144  4.81347     45 G - - -
          2.68618  4.42225  2.77519  2.73123  3.46354  2.40513  3.72494  3.29354  2.67741  2.69355  4.24690  2.90347  2.73739  3.18146  2.89801  2.37887  2.77519  2.98518  4.58477  3.61503
          0.02565  4.07197  4.79432  0.61958  0.77255  0.48576  0.95510
     46   3.05510  5.03719  3.05051  2.81318  4.23144  3.50795  3.97157  3.89760  2.62112  3.37952  4.40638  3.27294  4.06721  0.91680  2.89936  3.09655  3.35408  3.61619  5.46993  4.17893     46 q - - -
          2.68618  4.42225  2.77519  2.73123  3.46354  2.40513  3.72494  3.29354  2.67741  2.69355  4.24690  2.90347  2.73739  3.18146  2.89801  2.37887  2.77519  2.98518  4.58477  3.61503
          0.02565  4.07197  4.79432  0.61958  0.77255  0.48576  0.95510
     47   2.29114  4.93835  2.92671  2.44817  4.29158  3.41182  3.64210  3.71151  1.80747  3.26410  4.07324  2.95666  3.84373  2.40612  2.69655  2.35653  2.92413  3.35222  5.44561  4.12000     47 k - - -
          2.68618  4.42225  2.77519  2.73123  3.46354  2.40513  3.72494  3.29354  2.67741  2.69355  4.24690  2.90347  2.73739  3.18146  2.89801  2.37887  2.77519  2.98518  4.58477  3.61503
          0.02565  4.07197  4.79432  0.61958  0.77255  0.48576  0.95510
     48   2.96836  4.46083  4.39796  4.07160  3.70385  3.92623  4.84141  2.06206  3.94253  2.35891  3.64277  4.22824  4.47880  4.28993  4.13521  3.44577  3.32705  0.80592  5.52058  4.26276     48 v - - -
          2.68618  4.42225  2.77519  2.73123  3.46354  2.40513  3.72494  3.29354  2.67741  2.69355  4.24690  2.90347  2.73739  3.18146  2.89801  2.37887  2.77519  2.98518  4.58477  3.61503
          0.02565  4.07197  4.79432  0.61958  0.77255  0.48576  0.95510
     49   2.60336  4.64135  3.07541  2.61682  3.97820  3.38034  3.75773  3.34654  2.53629  3.01075  3.88301  3.07803  3.85950  1.87329  2.91785  2.31480  2.88499  2.47751  5.29652  3.99402     49 q - - -
          2.68618  4.42225  2.77519  2.73123  3.46354  2.40513  3.72494  3.29354  2.67741  2.69355  4.24690  2.90347  2.73739  3.18146  2.89801  2.37887  2.77519  2.98518  4.58477  3.61503
          0.02565  4.07197  4.79432  0.61958  0.77255  0.48576  0.95510
     50   3.64181  4.88924  4.65163  4.33653  0.93638  4.40880  3.53951  3.28187  4.18142  2.60316  3.88458  4.11384  4.72153  4.16211  4.21761  3.78400  3.86745  3.22465  3.68298  1.61519     50 f - - -
          2.68618  4.42225  2.77519  2.73123  3.46354  2.40513  3.72494  3.29354  2.67741  2.69355  4.24690  2.90347  2.73739  3.18146  2.89801  2.37887  2.77519  2.98518  4.58477  3.61503
          0.02565  4.07197  4.79432  0.61958  0.77255  0.48576  0.95510
     51   2.84563  5.40558  2.02672  1.61904  4.70478  3.29152  3.70761  4.21029  2.60514  3.69143  4.49085  2.23926  3.83888  2.36050  3.15129  2.75638  3.10711  3.77823  5.84000  4.37097     51 e - - -
          2.68618  4.42225  2.77519  2.73123  3.46354  2.40513  3.72494  3.29354  2.67741  2.69355  4.24690  2.90347  2.73739  3.18146  2.89801  2.37887  2.77519  2.98518  4.58477  3.61503
          0.02565  4.07197  4.79432  0.61958  0.77255  0.48576  0.95510
     52   3.15406  4.45368  4.87096  4.33992  3.46554  4.52198  4.98722  1.55705  4.22888  1.63233  3.26728  4.56579  4.78063  4.44263  4.40301  3.88570  3.40099  1.19651  5.44159  4.27787     52 v - - -
          2.68618  4.42225  2.77519  2.73123  3.46354  2.40513  3.72494  3.29354  2.67741  2.69355  4.24690  2.90347  2.73739  3.18146  2.89801  2.37887  2.77519  2.98518  4.58477  3.61503
          0.02565  4.07197  4.79432  0.61958  0.77255  0.48576  0.95510
     53   2.62251  4.46219  3.26854  2.41261  3.58904  3.52782  3.05170  2.93337  2.66337  2.34079  3.55280  3.18873  3.92049  3.02965  3.03355  2.78356  2.85543  2.05071  5.00735  3.73438     53 v - - -
          2.68618  4.42225  2.77519  2.73123  3.46354  2.40513  3.72494  3.29354  2.67741  2.69355  4.24690  2.90347  2.73739  3.18146  2.89801  2.37887  2.77519  2.98518  4.58477  3.61503
          0.02565  4.07197  4.79432  0.61958  0.77255  0.48576  0.95510
     54   2.71229  4.91270  2.92616  2.47686  4.16510  3.43190  2.88668  3.63842  2.34090  3.20504  4.03801  2.98069  3.86753  1.88314  2.71575  2.73095  2.40453  3.30470  5.37756  4.04070     54 q - - -
          2.68618  4.42225  2.77519  2.73123  3.46354  2.40513  3.72494  3.29354  2.67741  2.69355  4.24690  2.90347  2.73739  3.18146  2.89801  2.37887  2.77519  2.98518  4.58477  3.61503
          0.02565  4.07197  4.79432  0.61958  0.77255  0.48576  0.95510
     55   2.47366  4.55285  2.84739  2.63546  4.43339  1.66388  3.97470  3.90479  2.88944  3.51309  4.33048  2.23464  3.77907  3.17406  3.31429  2.08935  2.88594  3.40167  5.70432  4.38692     55 g - - -
          2.68618  4.42225  2.77519  2.73123  3.46354  2.40513  3.72494  3.29354  2.67741  2.69355  4.24690  2.90347  2.73739  3.18146  2.89801  2.37887  2.77519  2.98518  4.58477  3.61503
          0.02565  4.07197  4.79432  0.61958  0.77255  0.48576  0.95510
     56   2.83647  5.28747  2.01883  1.83920  4.60429  3.29161  3.73903  4.08409  2.65512  3.61177  4.43222  2.77790  1.96454  2.89123  3.19227  2.76974  3.10823  3.68093  5.78713  4.34621     56 e - - -
          2.68618  4.42225  2.77519  2.73123  3.46354  2.40513  3.72494  3.29354  2.67741  2.69355  4.24690  2.90347  2.73739  3.18146  2.89801  2.37887  2.77519  2.98518  4.58477  3.61503
          0.02565  4.07197  4.79432  0.61958  0.77255  0.48576  0.95510
     57   3.10768  5.21836  3.51409  2.84497  4.68731  3.70894  3.64758  4.03279  1.13225  3.46358  4.33722  3.24210  4.07795  2.78182  1.74198  3.09984  3.27114  3.71343  5.49293  4.33309     57 k - - -
          2.68618  4.42225  2.77519  2.73123  3.46354  2.40513  3.72494  3.29354  2.67741  2.69355  4.24690  2.90347  2.73739  3.18146  2.89801  2.37887  2.77519  2.98518  4.58477  3.61503
          0.02565  4.07197  4.79432  0.61958  0.77255  0.48576  0.95510
     58   2.93211  4.68317  3.64638  3.57338  4.70333  0.47839  4.67722  4.35565  3.78153  3.98333  4.96385  3.81131  4.08042  4.09023  3.99158  3.11045  3.42887  3.84543  5.74144  4.81347     58 G - - -
          2.68618  4.42225  2.77519  2.73123  3.46354  2.40513  3.72494  3.29354  2.67741  2.69355  4.24690  2.90347  2.73739  3.18146  2.89801  2.37887  2.77519  2.98518  4.58477  3.61503
          0.02565  4.07197  4.79432  0.61958  0.77255  0.48576  0.95510
     59   2.22923  4.45129  3.23387  2.70179  3.61380  3.47210  3.74630  3.01556  2.67106  2.34965  3.58012  2.71411  3.88145  3.00595  3.06507  2.40317  2.82050  2.76137  5.01723  3.03042     59 a - - -
          2.68618  4.42225  2.77519  2.73123  3.46354  2.40513  3.72494  3.29354  2.67741  2.69355  4.24690  2.90347  2.73739  3.18146  2.89801  2.37887  2.77519  2.98518  4.58477  3.61503
          0.02565  4.07197  4.79432  0.61958  0.77255  0.48576  0.95510
     60   2.70166  4.74025  2.95932  2.65810  3.78147  3.35419  1.62483  3.66054  2.62457  3.24834  4.13541  3.10226  3.90795  3.06624  2.97230  2.14721  3.02082  3.31161  5.18058  3.72660     60 h - - -
          2.68618  4.42225  2.77519  2.73123  3.46354  2.40513  3.72494  3.29354  2.67741  2.69355  4.24690  2.90347  2.73739  3.18146  2.89801  2.37887  2.77519  2.98518  4.58477  3.61503
          0.02565  4.07197  4.79432  0.61958  0.77255  0.48576  0.95510
     61   0.76045  4.30334  3.67606  3.48197  4.26165  3.12152  4.47889  3.41782  3.50366  3.28978  4.30337  3.57764  3.88010  3.82724  3.73719  2.65381  2.94526  3.03725  5.66862  4.49270     61 a - - -
          2.68618  4.42225  2.77519  2.73123  3.46354  2.40513  3.72494  3.29354  2.67741  2.69355  4.24690  2.90347  2.73739  3.18146  2.89801  2.37887  2.77519  2.98518  4.58477  3.61503
          0.02565  4.07197  4.79432  0.61958  0.77255  0.48576  0.95510
     62   2.37956  4.24356  3.55193  3.09844  3.89603  3.19241  4.07803  3.10210  3.05120  2.93551  3.83301  3.35328  3.82387  3.36887  3.38110  1.84735  1.84288  2.19832  5.31791  4.08850     62 t - - -
          2.68618  4.42225  2.77519  2.73123  3.46354  2.40513  3.72494  3.29354  2.67741  2.69355  4.24690  2.90347  2.73739  3.18146  2.89801  2.37887  2.77519  2.98518  4.58477  3.61503
          0.02565  4.07197  4.79432  0.61958  0.77255  0.48576  0.95510
     63   2.60089  3.43689  3.08815  2.24842  3.86200  3.45360  2.90409  3.25353  2.23111  2.89747  3.74123  3.02998  3.84494  2.85030  2.88972  2.67865  2.83189  2.61534  5.17883  3.88108     63 k - - -
          2.68618  4.42225  2.77519  2.73123  3.46354  2.40513  3.72494  3.29354  2.67741  2.69355  4.24690  2.90347  2.73739  3.18146  2.89801  2.37887  2.77519  2.98518  4.58477  3.61503
          0.02565  4.07197  4.79432  0.61958  0.77255  0.48576  0.95510
     64   3.14921  4.46504  4.85583  4.37280  3.56886  4.48381  5.08017  1.03209  4.24834  2.04780  3.37545  4.58502  4.80099  4.51313  4.43809  3.88406  3.41996  1.44952  5.56578  4.36268     64 i - - -
          2.68618  4.42225  2.77519  2.73123  3.46354  2.40513  3.72494  3.29354  2.67741  2.69355  4.24690  2.90347  2.73739  3.18146  2.89801  2.37887  2.77519  2.98518  4.58477  3.61503
          0.02565  4.07197  4.79432  0.61958  0.77255  0.48576  0.95510
     65   2.60408  4.36595  3.43044  2.87916  3.55675  3.54781  3.84068  2.40129  2.37820  2.58221  3.49961  3.29063  3.95200  3.13662  3.12700  2.36653  2.84987  2.02990  4.99916  3.75652     65 v - - -
          2.68618  4.42225  2.77519  2.73123  3.46354  2.40513  3.72494  3.29354  2.67741  2.69355  4.24690  2.90347  2.73739  3.18146  2.89801  2.37887  2.77519  2.98518  4.58477  3.61503
          0.02565  4.07197  4.79432  0.61958  0.77255  0.48576  0.95510
     66   2.62343  4.82537  2.21978  2.41545  4.31624  3.26768  3.77454  3.73248  2.64589  3.34357  4.16876  2.92500  2.05883  2.93989  3.12154  2.65438  2.31344  3.34472  5.56860  4.21074     66 p - - -
          2.68618  4.42225  2.77519  2.73123  3.46354  2.40513  3.72494  3.29354  2.67741  2.69355  4.24690  2.90347  2.73739  3.18146  2.89801  2.37887  2.77519  2.98518  4.58477  3.61503
          0.02565  4.07197  4.79432  0.61958  0.77255  0.48576  0.95510
     67   2.31438  4.33558  4.46723  3.95566  3.58756  4.11009  4.68810  1.27837  3.85522  2.23978  3.43459  4.18201  4.50670  4.12919  4.08236  3.47111  3.19493  1.53976  5.37554  4.17215     67 i - - -
          2.68618  4.42225  2.77519  2.73123  3.46354  2.40513  3.72494  3.29354  2.67741  2.69355  4.24690  2.90347  2.73739  3.18146  2.89801  2.37887  2.77519  2.98518  4.58477  3.61503
          0.02565  4.07197  4.79432  0.61958  0.77255  0.48576  0.95510
     68   1.87774  4.91880  2.62652  1.51652  4.37522  3.29832  3.81192  3.71170  2.66828  3.37744  4.24420  2.93137  3.86282  2.98590  3.11836  2.74386  3.03123  3.35676  5.62879  4.27206     68 e - - -
          2.68618  4.42225  2.77519  2.73123  3.46354  2.40513  3.72494  3.29354  2.67741  2.69355  4.24690  2.90347  2.73739  3.18146  2.89801  2.37887  2.77519  2.98518  4.58477  3.61503
          0.01734  4.06366        *  0.61958  0.77255  0.00000        *
//
