HMMER3/f [3.1b2 | February 2015]
NAME  PRK15463.1
ACC   NF012007.0
DESC  NCBI Protein Cluster (PRK): cold shock-like protein CspF
LENG  70
ALPH  amino
RF    no
MM    no
CONS  yes
CS    no
MAP   yes
DATE  Wed Nov 22 17:07:47 2017
NSEQ  23
EFFN  0.659790
CKSUM 1978452886
GA    111 111
TC    111 111
NC    111 111
STATS LOCAL MSV       -8.8638  0.71864
STATS LOCAL VITERBI   -9.3007  0.71864
STATS LOCAL FORWARD   -4.4240  0.71864
HMM          A        C        D        E        F        G        H        I        K        L        M        N        P        Q        R        S        T        V        W        Y
            m->m     m->i     m->d     i->m     i->i     d->m     d->d
  COMPO   2.60935  3.99836  2.93291  2.86006  3.36832  2.46528  3.76994  2.72786  2.72169  2.48473  3.57806  3.21908  3.37519  3.28715  2.78926  2.58092  2.85083  2.57126  5.23806  3.71326
          2.68618  4.42225  2.77519  2.73123  3.46354  2.40513  3.72494  3.29354  2.67741  2.69355  4.24690  2.90347  2.73739  3.18146  2.89801  2.37887  2.77519  2.98518  4.58477  3.61503
          0.04493  3.98484  3.67520  0.61958  0.77255  0.00000        *
      1   3.04639  4.58049  4.15312  3.75452  3.25230  3.90597  4.46750  2.43759  3.51712  1.83320  1.20553  4.01996  4.36774  3.89308  3.71104  3.40518  3.35391  2.45466  5.10550  3.87534      1 m - - -
          2.68618  4.42225  2.77519  2.73123  3.46354  2.40513  3.72494  3.29354  2.67741  2.69355  4.24690  2.90347  2.73739  3.18146  2.89801  2.37887  2.77519  2.98518  4.58477  3.61503
          0.02849  3.96839  4.69074  0.61958  0.77255  0.50230  0.92922
      2   2.36395  4.28528  3.29161  3.11243  4.17264  3.01347  4.21934  3.70851  3.19266  3.42156  4.34004  3.32144  3.76032  3.53461  3.47533  0.95513  2.85137  3.22258  5.53759  4.25683      2 s - - -
          2.68618  4.42225  2.77519  2.73123  3.46354  2.40513  3.72494  3.29354  2.67741  2.69355  4.24690  2.90347  2.73739  3.18146  2.89801  2.37887  2.77519  2.98518  4.58477  3.61503
          0.02849  3.96839  4.69074  0.61958  0.77255  0.50230  0.92922
      3   2.80736  4.98545  2.47293  2.50398  4.32783  3.40643  3.69788  3.79550  2.31651  3.34445  4.20301  2.99963  3.88820  2.86012  1.43482  2.81401  3.05832  3.45076  5.45699  4.15875      3 r - - -
          2.68618  4.42225  2.77519  2.73123  3.46354  2.40513  3.72494  3.29354  2.67741  2.69355  4.24690  2.90347  2.73739  3.18146  2.89801  2.37887  2.77519  2.98518  4.58477  3.61503
          0.02849  3.96839  4.69074  0.61958  0.77255  0.50230  0.92922
      4   3.06109  5.02726  3.24337  2.84774  4.43562  3.53951  3.81462  3.87105  0.91428  3.41556  4.37249  3.26775  4.03361  3.00113  2.45305  3.09717  3.30756  3.57365  5.45138  4.27822      4 k - - -
          2.68618  4.42225  2.77519  2.73123  3.46354  2.40513  3.72494  3.29354  2.67741  2.69355  4.24690  2.90347  2.73739  3.18146  2.89801  2.37887  2.77519  2.98518  4.58477  3.61503
          0.02849  3.96839  4.69074  0.61958  0.77255  0.47556  0.97163
      5   3.06030  4.59202  4.17127  3.77431  3.26088  3.91849  4.48350  2.44787  3.53589  1.83966  1.17805  4.03760  4.38071  3.91097  3.72779  3.42062  3.36833  2.46676  5.11603  3.88712      5 m - - -
          2.68618  4.42225  2.77519  2.73123  3.46354  2.40513  3.72494  3.29354  2.67741  2.69355  4.24690  2.90347  2.73739  3.18146  2.89801  2.37887  2.77519  2.98518  4.58477  3.61503
          0.02801  3.98484  4.70719  0.61958  0.77255  0.48576  0.95510
      6   2.47610  4.32101  3.53089  3.28948  4.07107  3.15623  4.29783  3.21200  3.23466  3.07148  4.11569  3.47993  3.86925  3.62411  3.48722  2.67874  0.99477  2.89486  5.49897  4.28805      6 t - - -
          2.68618  4.42225  2.77519  2.73123  3.46354  2.40513  3.72494  3.29354  2.67741  2.69355  4.24690  2.90347  2.73739  3.18146  2.89801  2.37887  2.77519  2.98518  4.58477  3.61503
          0.02801  3.98484  4.70719  0.61958  0.77255  0.48576  0.95510
      7   2.80976  4.57304  3.50646  3.42065  4.55897  0.57501  4.53316  4.18679  3.61714  3.82658  4.80394  3.67088  3.96775  3.93249  3.83997  2.98505  3.29975  3.69344  5.62353  4.66499      7 G - - -
          2.68618  4.42225  2.77519  2.73123  3.46354  2.40513  3.72494  3.29354  2.67741  2.69355  4.24690  2.90347  2.73739  3.18146  2.89801  2.37887  2.77519  2.98518  4.58477  3.61503
          0.02801  3.98484  4.70719  0.61958  0.77255  0.48576  0.95510
      8   3.11905  4.50807  4.49286  4.11380  3.45168  4.18583  4.82201  0.94876  3.94408  2.01600  3.37084  4.34351  4.60727  4.28150  4.12793  3.69293  3.41665  1.85485  5.36495  4.11218      8 i - - -
          2.68618  4.42225  2.77519  2.73123  3.46354  2.40513  3.72494  3.29354  2.67741  2.69355  4.24690  2.90347  2.73739  3.18146  2.89801  2.37887  2.77519  2.98518  4.58477  3.61503
          0.02801  3.98484  4.70719  0.61958  0.77255  0.48576  0.95510
      9   2.94543  4.40867  4.38749  3.97024  3.52202  4.02619  4.72252  1.92669  3.80414  2.06947  3.44036  4.17818  4.49441  4.15100  4.01945  3.45960  3.26411  0.99266  5.38847  4.10933      9 v - - -
          2.68618  4.42225  2.77519  2.73123  3.46354  2.40513  3.72494  3.29354  2.67741  2.69355  4.24690  2.90347  2.73739  3.18146  2.89801  2.37887  2.77519  2.98518  4.58477  3.61503
          0.02801  3.98484  4.70719  0.61958  0.77255  0.48576  0.95510
     10   3.02623  5.12463  3.36853  2.77260  4.55785  3.62672  3.63070  3.92534  1.14738  3.38921  4.26929  3.18252  4.02039  2.77295  1.93864  3.02848  3.20856  3.60947  5.44296  4.26163     10 k - - -
          2.68618  4.42225  2.77519  2.73123  3.46354  2.40513  3.72494  3.29354  2.67741  2.69355  4.24690  2.90347  2.73739  3.18146  2.89801  2.37887  2.77519  2.98518  4.58477  3.61503
          0.02801  3.98484  4.70719  0.61958  0.77255  0.48576  0.95510
     11   2.57745  4.32294  3.63230  3.19585  2.81710  3.43262  4.05493  2.71285  3.12814  2.47370  3.56487  3.48141  3.98484  3.45146  3.42817  2.81619  1.49388  2.52131  4.99293  3.63941     11 t - - -
          2.68618  4.42225  2.77519  2.73123  3.46354  2.40513  3.72494  3.29354  2.67741  2.69355  4.24690  2.90347  2.73739  3.18146  2.89801  2.37887  2.77519  2.98518  4.58477  3.61503
          0.02801  3.98484  4.70719  0.61958  0.77255  0.48576  0.95510
     12   3.40388  4.77306  4.39273  4.12953  0.84435  4.06540  3.93099  2.91480  4.03397  2.25944  3.62899  4.14705  4.52221  4.17124  4.12591  3.66739  3.70544  2.91358  4.14857  2.50225     12 f - - -
          2.68618  4.42225  2.77519  2.73123  3.46354  2.40513  3.72494  3.29354  2.67741  2.69355  4.24690  2.90347  2.73739  3.18146  2.89801  2.37887  2.77519  2.98518  4.58477  3.61503
          0.02801  3.98484  4.70719  0.61958  0.77255  0.48576  0.95510
     13   3.11316  5.25514  0.76935  2.41083  4.64793  3.29834  4.03409  4.26228  3.14012  3.85105  4.83264  2.97244  3.95919  3.27417  3.67078  3.06357  3.45449  3.88985  5.79445  4.50362     13 d - - -
          2.68618  4.42225  2.77519  2.73123  3.46354  2.40513  3.72494  3.29354  2.67741  2.69355  4.24690  2.90347  2.73739  3.18146  2.89801  2.37887  2.77519  2.98518  4.58477  3.61503
          0.02801  3.98484  4.70719  0.61958  0.77255  0.48576  0.95510
     14   2.45164  2.46138  3.58950  3.09629  3.45079  2.18313  3.93650  2.89044  3.01611  2.62929  3.53915  3.37537  3.87030  3.32685  3.31447  2.68597  2.78214  2.62734  4.92351  3.01300     14 g - - -
          2.68618  4.42225  2.77519  2.73123  3.46354  2.40513  3.72494  3.29354  2.67741  2.69355  4.24690  2.90347  2.73739  3.18146  2.89801  2.37887  2.77519  2.98518  4.58477  3.61503
          0.02801  3.98484  4.70719  0.61958  0.77255  0.48576  0.95510
     15   3.02623  5.12463  3.36853  2.77260  4.55785  3.62672  3.63070  3.92534  1.14738  3.38921  4.26929  3.18252  4.02039  2.77295  1.93864  3.02848  3.20856  3.60947  5.44296  4.26163     15 k - - -
          2.68618  4.42225  2.77519  2.73123  3.46354  2.40513  3.72494  3.29354  2.67741  2.69355  4.24690  2.90347  2.73739  3.18146  2.89801  2.37887  2.77519  2.98518  4.58477  3.61503
          0.02801  3.98484  4.70719  0.61958  0.77255  0.48576  0.95510
     16   2.37304  4.29437  3.30698  3.12900  4.18956  3.02230  4.23525  3.72786  3.21036  3.43979  4.35717  3.33507  3.77060  3.55108  3.49222  0.93343  2.86177  3.23828  5.55326  4.27395     16 s - - -
          2.68618  4.42225  2.77519  2.73123  3.46354  2.40513  3.72494  3.29354  2.67741  2.69355  4.24690  2.90347  2.73739  3.18146  2.89801  2.37887  2.77519  2.98518  4.58477  3.61503
          0.02801  3.98484  4.70719  0.61958  0.77255  0.48576  0.95510
     17   2.80976  4.57304  3.50646  3.42065  4.55897  0.57501  4.53316  4.18679  3.61714  3.82658  4.80394  3.67088  3.96775  3.93249  3.83997  2.98505  3.29975  3.69344  5.62353  4.66499     17 G - - -
          2.68618  4.42225  2.77519  2.73123  3.46354  2.40513  3.72494  3.29354  2.67741  2.69355  4.24690  2.90347  2.73739  3.18146  2.89801  2.37887  2.77519  2.98518  4.58477  3.61503
          0.02801  3.98484  4.70719  0.61958  0.77255  0.48576  0.95510
     18   3.07703  5.04293  3.26035  2.86218  4.45506  3.55320  3.82513  3.89164  0.89433  3.43277  4.38923  3.28131  4.04648  3.01100  2.45805  3.11227  3.32248  3.59346  5.46438  4.29377     18 k - - -
          2.68618  4.42225  2.77519  2.73123  3.46354  2.40513  3.72494  3.29354  2.67741  2.69355  4.24690  2.90347  2.73739  3.18146  2.89801  2.37887  2.77519  2.98518  4.58477  3.61503
          0.02801  3.98484  4.70719  0.61958  0.77255  0.48576  0.95510
     19   2.80976  4.57304  3.50646  3.42065  4.55897  0.57501  4.53316  4.18679  3.61714  3.82658  4.80394  3.67088  3.96775  3.93249  3.83997  2.98505  3.29975  3.69344  5.62353  4.66499     19 G - - -
          2.68618  4.42225  2.77519  2.73123  3.46354  2.40513  3.72494  3.29354  2.67741  2.69355  4.24690  2.90347  2.73739  3.18146  2.89801  2.37887  2.77519  2.98518  4.58477  3.61503
          0.02801  3.98484  4.70719  0.61958  0.77255  0.48576  0.95510
     20   3.29806  4.66682  4.64732  4.15217  2.44450  4.40960  4.50412  2.27913  4.00351  0.89656  2.94905  4.37543  4.65740  4.15084  4.14545  3.78617  3.53319  2.39513  4.80119  3.42922     20 l - - -
          2.68618  4.42225  2.77519  2.73123  3.46354  2.40513  3.72494  3.29354  2.67741  2.69355  4.24690  2.90347  2.73739  3.18146  2.89801  2.37887  2.77519  2.98518  4.58477  3.61503
          0.02801  3.98484  4.70719  0.61958  0.77255  0.48576  0.95510
     21   3.11905  4.50807  4.49286  4.11380  3.45168  4.18583  4.82201  0.94876  3.94408  2.01600  3.37084  4.34351  4.60727  4.28150  4.12793  3.69293  3.41665  1.85485  5.36495  4.11218     21 i - - -
          2.68618  4.42225  2.77519  2.73123  3.46354  2.40513  3.72494  3.29354  2.67741  2.69355  4.24690  2.90347  2.73739  3.18146  2.89801  2.37887  2.77519  2.98518  4.58477  3.61503
          0.02801  3.98484  4.70719  0.61958  0.77255  0.48576  0.95510
     22   2.28855  4.20494  3.39525  3.10846  4.13379  3.01531  4.16153  3.42307  3.09798  3.21482  4.10568  3.30304  3.73682  3.44549  3.39251  2.13788  1.27818  2.99476  5.52006  4.28189     22 t - - -
          2.68618  4.42225  2.77519  2.73123  3.46354  2.40513  3.72494  3.29354  2.67741  2.69355  4.24690  2.90347  2.73739  3.18146  2.89801  2.37887  2.77519  2.98518  4.58477  3.61503
          0.02801  3.98484  4.70719  0.61958  0.77255  0.48576  0.95510
     23   2.90614  4.64373  3.52564  3.38163  4.36550  3.32493  4.44907  3.94077  3.44872  3.55506  4.61037  3.67655  0.64289  3.83409  3.68072  3.07737  3.35676  3.57318  5.52033  4.48802     23 P - - -
          2.68618  4.42225  2.77519  2.73123  3.46354  2.40513  3.72494  3.29354  2.67741  2.69355  4.24690  2.90347  2.73739  3.18146  2.89801  2.37887  2.77519  2.98518  4.58477  3.61503
          0.02801  3.98484  4.70719  0.61958  0.77255  0.48576  0.95510
     24   2.37304  4.29437  3.30698  3.12900  4.18956  3.02230  4.23525  3.72786  3.21036  3.43979  4.35717  3.33507  3.77060  3.55108  3.49222  0.93343  2.86177  3.23828  5.55326  4.27395     24 s - - -
          2.68618  4.42225  2.77519  2.73123  3.46354  2.40513  3.72494  3.29354  2.67741  2.69355  4.24690  2.90347  2.73739  3.18146  2.89801  2.37887  2.77519  2.98518  4.58477  3.61503
          0.02801  3.98484  4.70719  0.61958  0.77255  0.48576  0.95510
     25   3.11316  5.25514  0.76935  2.41083  4.64793  3.29834  4.03409  4.26228  3.14012  3.85105  4.83264  2.97244  3.95919  3.27417  3.67078  3.06357  3.45449  3.88985  5.79445  4.50362     25 d - - -
          2.68618  4.42225  2.77519  2.73123  3.46354  2.40513  3.72494  3.29354  2.67741  2.69355  4.24690  2.90347  2.73739  3.18146  2.89801  2.37887  2.77519  2.98518  4.58477  3.61503
          0.02801  3.98484  4.70719  0.61958  0.77255  0.48576  0.95510
     26   2.80976  4.57304  3.50646  3.42065  4.55897  0.57501  4.53316  4.18679  3.61714  3.82658  4.80394  3.67088  3.96775  3.93249  3.83997  2.98505  3.29975  3.69344  5.62353  4.66499     26 G - - -
          2.68618  4.42225  2.77519  2.73123  3.46354  2.40513  3.72494  3.29354  2.67741  2.69355  4.24690  2.90347  2.73739  3.18146  2.89801  2.37887  2.77519  2.98518  4.58477  3.61503
          0.02801  3.98484  4.70719  0.61958  0.77255  0.48576  0.95510
     27   3.13509  4.96442  3.63748  3.12643  4.34758  3.60023  3.91018  3.89791  2.28896  3.39347  4.39160  3.47713  4.09814  3.12570  0.81970  3.21437  3.39390  3.61722  5.38558  4.25146     27 r - - -
          2.68618  4.42225  2.77519  2.73123  3.46354  2.40513  3.72494  3.29354  2.67741  2.69355  4.24690  2.90347  2.73739  3.18146  2.89801  2.37887  2.77519  2.98518  4.58477  3.61503
          0.02801  3.98484  4.70719  0.61958  0.77255  0.48576  0.95510
     28   2.77716  4.60058  3.41134  2.88192  3.75637  3.61988  3.83570  2.00963  1.76374  2.64373  3.67196  3.30108  4.02748  3.06647  2.76848  2.94422  3.01418  2.60489  5.18050  3.92511     28 k - - -
          2.68618  4.42225  2.77519  2.73123  3.46354  2.40513  3.72494  3.29354  2.67741  2.69355  4.24690  2.90347  2.73739  3.18146  2.89801  2.37887  2.77519  2.98518  4.58477  3.61503
          0.02801  3.98484  4.70719  0.61958  0.77255  0.48576  0.95510
     29   3.11316  5.25514  0.76935  2.41083  4.64793  3.29834  4.03409  4.26228  3.14012  3.85105  4.83264  2.97244  3.95919  3.27417  3.67078  3.06357  3.45449  3.88985  5.79445  4.50362     29 d - - -
          2.68618  4.42225  2.77519  2.73123  3.46354  2.40513  3.72494  3.29354  2.67741  2.69355  4.24690  2.90347  2.73739  3.18146  2.89801  2.37887  2.77519  2.98518  4.58477  3.61503
          0.02801  3.98484  4.70719  0.61958  0.77255  0.48576  0.95510
     30   2.89727  4.40994  4.27983  3.94746  3.63404  3.83894  4.73033  2.05033  3.81694  2.30225  3.58314  4.11895  4.39393  4.16911  4.01845  3.35034  3.25656  0.89432  5.43712  4.17525     30 v - - -
          2.68618  4.42225  2.77519  2.73123  3.46354  2.40513  3.72494  3.29354  2.67741  2.69355  4.24690  2.90347  2.73739  3.18146  2.89801  2.37887  2.77519  2.98518  4.58477  3.61503
          0.02801  3.98484  4.70719  0.61958  0.77255  0.48576  0.95510
     31   2.97352  4.96043  2.98076  2.73827  4.14364  3.44240  3.89722  3.79259  2.55154  3.28369  4.30939  3.19862  3.99811  1.04682  2.83308  3.01699  3.27087  3.51558  5.39622  4.09779     31 q - - -
          2.68618  4.42225  2.77519  2.73123  3.46354  2.40513  3.72494  3.29354  2.67741  2.69355  4.24690  2.90347  2.73739  3.18146  2.89801  2.37887  2.77519  2.98518  4.58477  3.61503
          0.02801  3.98484  4.70719  0.61958  0.77255  0.48576  0.95510
     32   3.07468  4.45083  4.57928  4.03631  2.85337  4.28958  4.60865  2.03446  3.91993  1.32841  3.06095  4.28113  4.56949  4.10873  4.09839  3.62772  3.31539  1.50093  5.07197  3.85209     32 l - - -
          2.68618  4.42225  2.77519  2.73123  3.46354  2.40513  3.72494  3.29354  2.67741  2.69355  4.24690  2.90347  2.73739  3.18146  2.89801  2.37887  2.77519  2.98518  4.58477  3.61503
          0.02801  3.98484  4.70719  0.61958  0.77255  0.48576  0.95510
     33   3.12392  4.91968  3.24104  3.01332  3.36776  3.54623  0.92598  3.84418  2.85351  3.32360  4.37613  3.41769  4.10548  3.38131  3.11195  3.19389  3.43153  3.57722  4.83113  3.31567     33 h - - -
          2.68618  4.42225  2.77519  2.73123  3.46354  2.40513  3.72494  3.29354  2.67741  2.69355  4.24690  2.90347  2.73739  3.18146  2.89801  2.37887  2.77519  2.98518  4.58477  3.61503
          0.02801  3.98484  4.70719  0.61958  0.77255  0.48576  0.95510
     34   3.08123  4.40641  4.75825  4.26409  3.54273  4.40888  4.98341  1.26474  4.14843  2.04529  3.35244  4.48751  4.72874  4.41611  4.34992  3.79705  3.34935  1.24255  5.50779  4.30252     34 v - - -
          2.68618  4.42225  2.77519  2.73123  3.46354  2.40513  3.72494  3.29354  2.67741  2.69355  4.24690  2.90347  2.73739  3.18146  2.89801  2.37887  2.77519  2.98518  4.58477  3.61503
          0.02801  3.98484  4.70719  0.61958  0.77255  0.48576  0.95510
     35   2.37304  4.29437  3.30698  3.12900  4.18956  3.02230  4.23525  3.72786  3.21036  3.43979  4.35717  3.33507  3.77060  3.55108  3.49222  0.93343  2.86177  3.23828  5.55326  4.27395     35 s - - -
          2.68618  4.42225  2.77519  2.73123  3.46354  2.40513  3.72494  3.29354  2.67741  2.69355  4.24690  2.90347  2.73739  3.18146  2.89801  2.37887  2.77519  2.98518  4.58477  3.61503
          0.02801  3.98484  4.70719  0.61958  0.77255  0.48576  0.95510
     36   1.04451  4.14588  3.46764  3.22918  4.21361  2.95107  4.27010  3.48651  3.26679  3.30410  4.19320  3.34731  3.71047  3.57407  3.54142  2.18167  2.72796  3.01745  5.60847  4.38633     36 a - - -
          2.68618  4.42225  2.77519  2.73123  3.46354  2.40513  3.72494  3.29354  2.67741  2.69355  4.24690  2.90347  2.73739  3.18146  2.89801  2.37887  2.77519  2.98518  4.58477  3.61503
          0.02801  3.98484  4.70719  0.61958  0.77255  0.48576  0.95510
     37   2.80946  2.56203  4.30574  3.75841  2.96385  3.90234  4.29209  2.23323  3.61525  1.39056  3.13595  3.95451  4.28691  3.84164  3.79566  3.24013  3.07321  2.14619  4.86850  3.61416     37 l - - -
          2.68618  4.42225  2.77519  2.73123  3.46354  2.40513  3.72494  3.29354  2.67741  2.69355  4.24690  2.90347  2.73739  3.18146  2.89801  2.37887  2.77519  2.98518  4.58477  3.61503
          0.02801  3.98484  4.70719  0.61958  0.77255  0.48576  0.95510
     38   2.72934  4.97818  2.91957  2.45101  4.26458  3.42879  3.07951  3.73512  2.21913  3.26841  4.08843  2.15740  3.85328  2.75331  2.05465  2.63439  2.95704  3.38481  5.40166  4.07468     38 r - - -
          2.68618  4.42225  2.77519  2.73123  3.46354  2.40513  3.72494  3.29354  2.67741  2.69355  4.24690  2.90347  2.73739  3.18146  2.89801  2.37887  2.77519  2.98518  4.58477  3.61503
          0.02801  3.98484  4.70719  0.61958  0.77255  0.48576  0.95510
     39   2.85198  4.62650  3.43502  2.98047  3.43683  3.67947  3.92065  2.82672  2.70160  1.48880  3.44716  3.39476  4.09328  2.30273  2.98271  3.03292  3.09654  2.74679  5.04278  3.74520     39 l - - -
          2.68618  4.42225  2.77519  2.73123  3.46354  2.40513  3.72494  3.29354  2.67741  2.69355  4.24690  2.90347  2.73739  3.18146  2.89801  2.37887  2.77519  2.98518  4.58477  3.61503
          0.02801  3.98484  4.70719  0.61958  0.77255  0.48576  0.95510
     40   2.90709  5.06619  3.26117  2.65614  4.38433  3.58493  2.35077  3.81524  1.83647  3.30400  4.15240  3.10118  3.96023  2.73647  1.70707  2.90898  3.09314  3.49288  5.38087  4.13770     40 r - - -
          2.68618  4.42225  2.77519  2.73123  3.46354  2.40513  3.72494  3.29354  2.67741  2.69355  4.24690  2.90347  2.73739  3.18146  2.89801  2.37887  2.77519  2.98518  4.58477  3.61503
          0.02801  3.98484  4.70719  0.61958  0.77255  0.48576  0.95510
     41   2.95734  5.52434  1.39888  1.54407  4.80926  3.21775  3.77127  4.32758  2.79774  3.83334  4.69325  2.68303  3.84459  2.94035  3.39636  2.83806  3.24814  3.90305  5.98446  4.48007     41 d - - -
          2.68618  4.42225  2.77519  2.73123  3.46354  2.40513  3.72494  3.29354  2.67741  2.69355  4.24690  2.90347  2.73739  3.18146  2.89801  2.37887  2.77519  2.98518  4.58477  3.61503
          0.02801  3.98484  4.70719  0.61958  0.77255  0.48576  0.95510
     42   1.84265  4.50048  3.00514  2.36267  4.01843  3.24583  3.83229  3.30259  2.69637  3.04102  3.90977  3.07161  3.80282  3.04295  3.09439  2.61493  2.05214  2.97327  5.35683  4.07349     42 a - - -
          2.68618  4.42225  2.77519  2.73123  3.46354  2.40513  3.72494  3.29354  2.67741  2.69355  4.24690  2.90347  2.73739  3.18146  2.89801  2.37887  2.77519  2.98518  4.58477  3.61503
          0.02801  3.98484  4.70719  0.61958  0.77255  0.48576  0.95510
     43   3.05212  5.18293  2.53956  0.87562  4.54373  3.34878  3.94671  4.02008  2.84160  3.61964  4.58982  3.00118  3.95903  3.16073  3.26127  3.02376  3.35757  3.69274  5.69416  4.41775     43 e - - -
          2.68618  4.42225  2.77519  2.73123  3.46354  2.40513  3.72494  3.29354  2.67741  2.69355  4.24690  2.90347  2.73739  3.18146  2.89801  2.37887  2.77519  2.98518  4.58477  3.61503
          0.02801  3.98484  4.70719  0.61958  0.77255  0.48576  0.95510
     44   1.95932  4.73235  2.75899  1.83668  4.18563  3.27393  3.75042  3.50735  2.58813  3.19132  4.04236  2.94320  3.80601  2.92557  3.02553  2.64885  2.56650  3.16393  5.46411  4.13398     44 e - - -
          2.68618  4.42225  2.77519  2.73123  3.46354  2.40513  3.72494  3.29354  2.67741  2.69355  4.24690  2.90347  2.73739  3.18146  2.89801  2.37887  2.77519  2.98518  4.58477  3.61503
          0.02801  3.98484  4.70719  0.61958  0.77255  0.48576  0.95510
     45   3.22363  4.55627  4.76199  4.23773  3.19699  4.48552  4.84708  1.47278  4.06817  1.17546  3.02498  4.49692  4.72262  4.27696  4.22743  3.85723  3.46385  1.96646  5.23780  4.08315     45 l - - -
          2.68618  4.42225  2.77519  2.73123  3.46354  2.40513  3.72494  3.29354  2.67741  2.69355  4.24690  2.90347  2.73739  3.18146  2.89801  2.37887  2.77519  2.98518  4.58477  3.61503
          0.02801  3.98484  4.70719  0.61958  0.77255  0.48576  0.95510
     46   2.51831  4.23403  3.62856  3.14162  3.57509  3.43198  4.03654  1.94069  3.05549  2.54846  3.52578  3.44283  3.95221  3.38437  3.35897  2.47581  2.02048  2.35571  5.08150  3.85216     46 i - - -
          2.68618  4.42225  2.77519  2.73123  3.46354  2.40513  3.72494  3.29354  2.67741  2.69355  4.24690  2.90347  2.73739  3.18146  2.89801  2.37887  2.77519  2.98518  4.58477  3.61503
          0.02801  3.98484  4.70719  0.61958  0.77255  0.48576  0.95510
     47   2.05676  4.25789  3.32424  2.94686  4.09649  3.06672  4.03310  3.40371  2.94927  3.14116  4.00614  3.22488  2.18502  3.27957  3.29752  2.47900  1.82204  2.99368  5.45608  4.21729     47 t - - -
          2.68618  4.42225  2.77519  2.73123  3.46354  2.40513  3.72494  3.29354  2.67741  2.69355  4.24690  2.90347  2.73739  3.18146  2.89801  2.37887  2.77519  2.98518  4.58477  3.61503
          0.02801  3.98484  4.70719  0.61958  0.77255  0.48576  0.95510
     48   2.80976  4.57304  3.50646  3.42065  4.55897  0.57501  4.53316  4.18679  3.61714  3.82658  4.80394  3.67088  3.96775  3.93249  3.83997  2.98505  3.29975  3.69344  5.62353  4.66499     48 G - - -
          2.68618  4.42225  2.77519  2.73123  3.46354  2.40513  3.72494  3.29354  2.67741  2.69355  4.24690  2.90347  2.73739  3.18146  2.89801  2.37887  2.77519  2.98518  4.58477  3.61503
          0.02801  3.98484  4.70719  0.61958  0.77255  0.48576  0.95510
     49   3.22889  4.56322  4.76008  4.23521  3.18661  4.48614  4.84302  1.51432  4.06449  1.14072  3.01438  4.49603  4.72148  4.27127  4.22295  3.85755  3.46853  1.98467  5.23051  4.07809     49 l - - -
          2.68618  4.42225  2.77519  2.73123  3.46354  2.40513  3.72494  3.29354  2.67741  2.69355  4.24690  2.90347  2.73739  3.18146  2.89801  2.37887  2.77519  2.98518  4.58477  3.61503
          0.02801  3.98484  4.70719  0.61958  0.77255  0.48576  0.95510
     50   3.13509  4.96442  3.63748  3.12643  4.34758  3.60023  3.91018  3.89791  2.28896  3.39347  4.39160  3.47713  4.09814  3.12570  0.81970  3.21437  3.39390  3.61722  5.38558  4.25146     50 r - - -
          2.68618  4.42225  2.77519  2.73123  3.46354  2.40513  3.72494  3.29354  2.67741  2.69355  4.24690  2.90347  2.73739  3.18146  2.89801  2.37887  2.77519  2.98518  4.58477  3.61503
          0.02801  3.98484  4.70719  0.61958  0.77255  0.48576  0.95510
     51   2.89727  4.40994  4.27983  3.94746  3.63404  3.83894  4.73033  2.05033  3.81694  2.30225  3.58314  4.11895  4.39393  4.16911  4.01845  3.35034  3.25656  0.89432  5.43712  4.17525     51 v - - -
          2.68618  4.42225  2.77519  2.73123  3.46354  2.40513  3.72494  3.29354  2.67741  2.69355  4.24690  2.90347  2.73739  3.18146  2.89801  2.37887  2.77519  2.98518  4.58477  3.61503
          0.02801  3.98484  4.70719  0.61958  0.77255  0.48576  0.95510
     52   3.05212  5.18293  2.53956  0.87562  4.54373  3.34878  3.94671  4.02008  2.84160  3.61964  4.58982  3.00118  3.95903  3.16073  3.26127  3.02376  3.35757  3.69274  5.69416  4.41775     52 e - - -
          2.68618  4.42225  2.77519  2.73123  3.46354  2.40513  3.72494  3.29354  2.67741  2.69355  4.24690  2.90347  2.73739  3.18146  2.89801  2.37887  2.77519  2.98518  4.58477  3.61503
          0.02801  3.98484  4.70719  0.61958  0.77255  0.48576  0.95510
     53   3.40388  4.77306  4.39273  4.12953  0.84435  4.06540  3.93099  2.91480  4.03397  2.25944  3.62899  4.14705  4.52221  4.17124  4.12591  3.66739  3.70544  2.91358  4.14857  2.50225     53 f - - -
          2.68618  4.42225  2.77519  2.73123  3.46354  2.40513  3.72494  3.29354  2.67741  2.69355  4.24690  2.90347  2.73739  3.18146  2.89801  2.37887  2.77519  2.98518  4.58477  3.61503
          0.02801  3.98484  4.70719  0.61958  0.77255  0.48576  0.95510
     54   2.71943  0.73846  4.26337  4.02935  3.99598  3.31778  4.65182  3.15939  3.85721  3.06939  4.19471  3.98645  4.03352  4.19878  3.96134  2.99115  3.19573  2.89617  5.38733  4.28261     54 c - - -
          2.68618  4.42225  2.77519  2.73123  3.46354  2.40513  3.72494  3.29354  2.67741  2.69355  4.24690  2.90347  2.73739  3.18146  2.89801  2.37887  2.77519  2.98518  4.58477  3.61503
          0.02801  3.98484  4.70719  0.61958  0.77255  0.48576  0.95510
     55   3.13509  4.96442  3.63748  3.12643  4.34758  3.60023  3.91018  3.89791  2.28896  3.39347  4.39160  3.47713  4.09814  3.12570  0.81970  3.21437  3.39390  3.61722  5.38558  4.25146     55 r - - -
          2.68618  4.42225  2.77519  2.73123  3.46354  2.40513  3.72494  3.29354  2.67741  2.69355  4.24690  2.90347  2.73739  3.18146  2.89801  2.37887  2.77519  2.98518  4.58477  3.61503
          0.02801  3.98484  4.70719  0.61958  0.77255  0.48576  0.95510
     56   3.12387  4.47837  4.66191  4.13979  3.30297  4.37608  4.79671  1.15693  3.97313  1.76741  2.66203  4.39357  4.65994  4.22462  4.15601  3.74319  3.37429  1.85544  5.28317  4.11470     56 i - - -
          2.68618  4.42225  2.77519  2.73123  3.46354  2.40513  3.72494  3.29354  2.67741  2.69355  4.24690  2.90347  2.73739  3.18146  2.89801  2.37887  2.77519  2.98518  4.58477  3.61503
          0.02801  3.98484  4.70719  0.61958  0.77255  0.48576  0.95510
     57   2.80668  4.99217  2.61773  2.41468  3.96391  3.33183  2.96901  3.84698  2.54801  3.39209  4.27245  1.47617  3.88200  2.95277  2.93604  2.80456  3.09323  3.49094  5.31026  3.83930     57 n - - -
          2.68618  4.42225  2.77519  2.73123  3.46354  2.40513  3.72494  3.29354  2.67741  2.69355  4.24690  2.90347  2.73739  3.18146  2.89801  2.37887  2.77519  2.98518  4.58477  3.61503
          0.02801  3.98484  4.70719  0.61958  0.77255  0.48576  0.95510
     58   2.80976  4.57304  3.50646  3.42065  4.55897  0.57501  4.53316  4.18679  3.61714  3.82658  4.80394  3.67088  3.96775  3.93249  3.83997  2.98505  3.29975  3.69344  5.62353  4.66499     58 G - - -
          2.68618  4.42225  2.77519  2.73123  3.46354  2.40513  3.72494  3.29354  2.67741  2.69355  4.24690  2.90347  2.73739  3.18146  2.89801  2.37887  2.77519  2.98518  4.58477  3.61503
          0.02801  3.98484  4.70719  0.61958  0.77255  0.48576  0.95510
     59   2.89686  4.54378  3.79217  3.27464  3.34589  3.77321  4.04311  2.66667  2.83195  1.22297  3.35509  3.61409  4.18152  3.38417  2.60241  3.15394  3.14895  2.60572  4.99728  3.72973     59 l - - -
          2.68618  4.42225  2.77519  2.73123  3.46354  2.40513  3.72494  3.29354  2.67741  2.69355  4.24690  2.90347  2.73739  3.18146  2.89801  2.37887  2.77519  2.98518  4.58477  3.61503
          0.02801  3.98484  4.70719  0.61958  0.77255  0.48576  0.95510
     60   2.99927  5.06349  3.36050  2.78569  4.42011  3.61026  3.64704  3.85292  1.97459  3.32043  4.22064  3.19156  4.01689  2.43195  1.25139  3.01664  3.19435  3.55000  5.39754  4.19037     60 r - - -
          2.68618  4.42225  2.77519  2.73123  3.46354  2.40513  3.72494  3.29354  2.67741  2.69355  4.24690  2.90347  2.73739  3.18146  2.89801  2.37887  2.77519  2.98518  4.58477  3.61503
          0.02801  3.98484  4.70719  0.61958  0.77255  0.48576  0.95510
     61   2.80976  4.57304  3.50646  3.42065  4.55897  0.57501  4.53316  4.18679  3.61714  3.82658  4.80394  3.67088  3.96775  3.93249  3.83997  2.98505  3.29975  3.69344  5.62353  4.66499     61 G - - -
          2.68618  4.42225  2.77519  2.73123  3.46354  2.40513  3.72494  3.29354  2.67741  2.69355  4.24690  2.90347  2.73739  3.18146  2.89801  2.37887  2.77519  2.98518  4.58477  3.61503
          0.02801  3.98484  4.70719  0.61958  0.77255  0.48576  0.95510
     62   2.90614  4.64373  3.52564  3.38163  4.36550  3.32493  4.44907  3.94077  3.44872  3.55506  4.61037  3.67655  0.64289  3.83409  3.68072  3.07737  3.35676  3.57318  5.52033  4.48802     62 P - - -
          2.68618  4.42225  2.77519  2.73123  3.46354  2.40513  3.72494  3.29354  2.67741  2.69355  4.24690  2.90347  2.73739  3.18146  2.89801  2.37887  2.77519  2.98518  4.58477  3.61503
          0.02801  3.98484  4.70719  0.61958  0.77255  0.48576  0.95510
     63   2.26936  4.20622  3.37425  3.05798  4.16972  3.00036  4.12890  3.51191  3.06555  3.25512  4.11695  3.26937  3.71593  3.39568  3.38254  1.63027  1.62300  3.05270  5.53290  4.29636     63 t - - -
          2.68618  4.42225  2.77519  2.73123  3.46354  2.40513  3.72494  3.29354  2.67741  2.69355  4.24690  2.90347  2.73739  3.18146  2.89801  2.37887  2.77519  2.98518  4.58477  3.61503
          0.02801  3.98484  4.70719  0.61958  0.77255  0.48576  0.95510
     64   1.21568  4.47467  2.57596  2.70198  4.18947  3.13611  3.99798  3.46676  2.95876  3.24918  4.14675  3.10319  3.79551  3.23478  3.36168  2.60936  2.88935  3.09072  5.54128  4.25056     64 a - - -
          2.68618  4.42225  2.77519  2.73123  3.46354  2.40513  3.72494  3.29354  2.67741  2.69355  4.24690  2.90347  2.73739  3.18146  2.89801  2.37887  2.77519  2.98518  4.58477  3.61503
          0.02801  3.98484  4.70719  0.61958  0.77255  0.48576  0.95510
     65   0.86322  4.25097  3.57913  3.37683  4.16660  3.07225  4.38527  3.30912  3.39604  3.18543  4.20584  3.49726  3.82221  3.72712  3.63810  2.60076  2.88596  2.94404  5.58253  4.39560     65 a - - -
          2.68618  4.42225  2.77519  2.73123  3.46354  2.40513  3.72494  3.29354  2.67741  2.69355  4.24690  2.90347  2.73739  3.18146  2.89801  2.37887  2.77519  2.98518  4.58477  3.61503
          0.02801  3.98484  4.70719  0.61958  0.77255  0.48576  0.95510
     66   2.81948  4.81792  2.77539  2.67275  4.19936  3.26163  4.01615  3.93504  2.92987  3.56946  4.52485  0.97353  3.91948  3.28998  3.28759  2.88294  3.20560  3.54585  5.49248  4.14030     66 n - - -
          2.68618  4.42225  2.77519  2.73123  3.46354  2.40513  3.72494  3.29354  2.67741  2.69355  4.24690  2.90347  2.73739  3.18146  2.89801  2.37887  2.77519  2.98518  4.58477  3.61503
          0.02801  3.98484  4.70719  0.61958  0.77255  0.48576  0.95510
     67   2.89727  4.40994  4.27983  3.94746  3.63404  3.83894  4.73033  2.05033  3.81694  2.30225  3.58314  4.11895  4.39393  4.16911  4.01845  3.35034  3.25656  0.89432  5.43712  4.17525     67 v - - -
          2.68618  4.42225  2.77519  2.73123  3.46354  2.40513  3.72494  3.29354  2.67741  2.69355  4.24690  2.90347  2.73739  3.18146  2.89801  2.37887  2.77519  2.98518  4.58477  3.61503
          0.02801  3.98484  4.70719  0.61958  0.77255  0.48576  0.95510
     68   3.41245  4.85582  4.00545  3.75684  2.30434  3.96206  3.67574  3.40630  3.61117  2.83099  4.06987  3.86391  4.43374  3.89010  3.77144  3.53759  3.69993  3.28229  3.95208  0.79761     68 y - - -
          2.68618  4.42225  2.77519  2.73123  3.46354  2.40513  3.72494  3.29354  2.67741  2.69355  4.24690  2.90347  2.73739  3.18146  2.89801  2.37887  2.77519  2.98518  4.58477  3.61503
          0.02801  3.98484  4.70719  0.61958  0.77255  0.48576  0.95510
     69   3.28282  4.71238  4.36954  4.01095  3.18128  4.12410  4.63149  2.39260  3.77758  0.74831  3.17104  4.27548  4.54082  4.11898  3.93484  3.70962  3.57235  2.45891  5.10025  3.84916     69 l - - -
          2.68618  4.42225  2.77519  2.73123  3.46354  2.40513  3.72494  3.29354  2.67741  2.69355  4.24690  2.90347  2.73739  3.18146  2.89801  2.37887  2.77519  2.98518  4.58477  3.61503
          0.02801  3.98484  4.70719  0.61958  0.77255  0.48576  0.95510
     70   2.37304  4.29437  3.30698  3.12900  4.18956  3.02230  4.23525  3.72786  3.21036  3.43979  4.35717  3.33507  3.77060  3.55108  3.49222  0.93343  2.86177  3.23828  5.55326  4.27395     70 s - - -
          2.68618  4.42225  2.77519  2.73123  3.46354  2.40513  3.72494  3.29354  2.67741  2.69355  4.24690  2.90347  2.73739  3.18146  2.89801  2.37887  2.77519  2.98518  4.58477  3.61503
          0.01894  3.97577        *  0.61958  0.77255  0.00000        *
//