HMMER3/f [3.1b2 | February 2015]
NAME  PRK09937.1
ACC   NF007405.0
DESC  NCBI Protein Cluster (PRK): cold shock-like protein CspD
LENG  74
ALPH  amino
RF    no
MM    no
CONS  yes
CS    no
MAP   yes
DATE  Wed Nov 22 16:19:11 2017
NSEQ  35
EFFN  0.491333
CKSUM 762329543
GA    152 152
TC    152 152
NC    152 152
STATS LOCAL MSV       -8.8853  0.71861
STATS LOCAL VITERBI   -9.4196  0.71861
STATS LOCAL FORWARD   -4.0751  0.71861
HMM          A        C        D        E        F        G        H        I        K        L        M        N        P        Q        R        S        T        V        W        Y
            m->m     m->i     m->d     i->m     i->i     d->m     d->d
  COMPO   2.44449  4.16374  2.98714  2.75382  3.09453  2.37120  3.56706  2.82628  2.76196  2.72995  3.72377  3.13129  3.30615  3.14075  3.21110  2.75210  2.93479  2.50613  4.48213  3.46780
          2.68628  4.42072  2.77529  2.73118  3.46363  2.40512  3.72504  3.29337  2.67736  2.69365  4.24631  2.90356  2.73749  3.18156  2.89793  2.37886  2.77529  2.98528  4.58487  3.61476
          0.11066  2.35832  4.58763  1.61024  0.22294  0.00000        *
      1   2.96358  4.51349  4.04171  3.63465  3.20462  3.82871  4.37145  2.37950  3.40311  1.80039  1.39176  3.91302  4.28929  3.78547  3.60927  3.31193  3.26875  2.38478  5.04447  3.80561     11 m - - -
          2.68618  4.42225  2.77519  2.73123  3.46354  2.40513  3.72494  3.29354  2.67741  2.69355  4.24690  2.90347  2.73739  3.18146  2.89801  2.37887  2.77519  2.98518  4.58477  3.61503
          0.03163  3.86529  4.58763  0.61958  0.77255  0.48576  0.95510
      2   2.94616  5.05568  2.48464  1.03563  4.40100  3.26946  3.85567  3.85348  2.73529  3.47176  4.44613  2.92889  3.87371  3.07149  3.14338  2.92929  3.25034  3.53807  5.57393  4.29619     12 e - - -
          2.68618  4.42225  2.77519  2.73123  3.46354  2.40513  3.72494  3.29354  2.67741  2.69355  4.24690  2.90347  2.73739  3.18146  2.89801  2.37887  2.77519  2.98518  4.58477  3.61503
          0.03163  3.86529  4.58763  0.61958  0.77255  0.48576  0.95510
      3   2.96558  4.92905  3.14109  2.76392  4.31383  3.45580  3.75527  3.74266  1.04814  3.30931  4.27116  3.18870  3.95666  2.94716  2.43034  3.00805  3.21939  3.45086  5.37145  4.18319     13 k - - -
          2.68618  4.42225  2.77519  2.73123  3.46354  2.40513  3.72494  3.29354  2.67741  2.69355  4.24690  2.90347  2.73739  3.18146  2.89801  2.37887  2.77519  2.98518  4.58477  3.61503
          0.03163  3.86529  4.58763  0.61958  0.77255  0.48576  0.95510
      4   2.65604  4.43216  3.32834  3.22684  4.36924  0.74028  4.34754  3.96713  3.40714  3.62215  4.59785  3.49265  3.82307  3.73187  3.64395  2.82775  3.13671  3.49683  5.46626  4.47090     14 g - - -
          2.68618  4.42225  2.77519  2.73123  3.46354  2.40513  3.72494  3.29354  2.67741  2.69355  4.24690  2.90347  2.73739  3.18146  2.89801  2.37887  2.77519  2.98518  4.58477  3.61503
          0.03163  3.86529  4.58763  0.61958  0.77255  0.48576  0.95510
      5   2.40888  4.25393  3.42174  3.17343  3.96256  3.09345  4.19130  3.08882  3.11626  2.95256  4.00356  3.38395  3.79664  3.51145  3.37529  2.61007  1.18414  2.78456  5.40099  4.17919     15 t - - -
          2.68618  4.42225  2.77519  2.73123  3.46354  2.40513  3.72494  3.29354  2.67741  2.69355  4.24690  2.90347  2.73739  3.18146  2.89801  2.37887  2.77519  2.98518  4.58477  3.61503
          0.03163  3.86529  4.58763  0.61958  0.77255  0.48576  0.95510
      6   2.80242  4.34703  4.11537  3.77829  3.54485  3.71644  4.58126  2.05069  3.64596  2.23314  3.51110  3.96927  4.27735  4.00629  3.85915  3.21953  3.16415  1.03400  5.32807  4.05924     16 v - - -
          2.68618  4.42225  2.77519  2.73123  3.46354  2.40513  3.72494  3.29354  2.67741  2.69355  4.24690  2.90347  2.73739  3.18146  2.89801  2.37887  2.77519  2.98518  4.58477  3.61503
          0.03163  3.86529  4.58763  0.61958  0.77255  0.48576  0.95510
      7   2.96558  4.92905  3.14109  2.76392  4.31383  3.45580  3.75527  3.74266  1.04814  3.30931  4.27116  3.18870  3.95666  2.94716  2.43034  3.00805  3.21939  3.45086  5.37145  4.18319     17 k - - -
          2.68618  4.42225  2.77519  2.73123  3.46354  2.40513  3.72494  3.29354  2.67741  2.69355  4.24690  2.90347  2.73739  3.18146  2.89801  2.37887  2.77519  2.98518  4.58477  3.61503
          0.03163  3.86529  4.58763  0.61958  0.77255  0.48576  0.95510
      8   3.32372  4.70096  4.08022  3.78455  2.65902  3.72213  3.89108  3.34703  3.50692  2.74315  3.98116  3.93506  4.23927  3.89491  3.63653  3.52749  3.62376  3.23716  0.89990  2.66150     18 w - - -
          2.68618  4.42225  2.77519  2.73123  3.46354  2.40513  3.72494  3.29354  2.67741  2.69355  4.24690  2.90347  2.73739  3.18146  2.89801  2.37887  2.77519  2.98518  4.58477  3.61503
          0.03163  3.86529  4.58763  0.61958  0.77255  0.48576  0.95510
      9   3.24924  4.65312  4.22887  3.94201  1.02354  3.94067  3.87410  2.77383  3.84922  2.14555  3.50506  4.01110  4.39943  4.01918  3.97072  3.51953  3.55038  2.76400  4.12532  2.49325     19 f - - -
          2.68618  4.42225  2.77519  2.73123  3.46354  2.40513  3.72494  3.29354  2.67741  2.69355  4.24690  2.90347  2.73739  3.18146  2.89801  2.37887  2.77519  2.98518  4.58477  3.61503
          0.03163  3.86529  4.58763  0.61958  0.77255  0.48576  0.95510
     10   2.71750  4.71381  2.70438  2.58914  4.07620  3.17917  3.91524  3.78505  2.81834  3.43273  4.38804  1.17083  3.83069  3.18800  3.17275  2.78498  3.09913  3.40798  5.38294  4.02506     20 n - - -
          2.68618  4.42225  2.77519  2.73123  3.46354  2.40513  3.72494  3.29354  2.67741  2.69355  4.24690  2.90347  2.73739  3.18146  2.89801  2.37887  2.77519  2.98518  4.58477  3.61503
          0.03163  3.86529  4.58763  0.61958  0.77255  0.48576  0.95510
     11   2.71750  4.71381  2.70438  2.58914  4.07620  3.17917  3.91524  3.78505  2.81834  3.43273  4.38804  1.17083  3.83069  3.18800  3.17275  2.78498  3.09913  3.40798  5.38294  4.02506     21 n - - -
          2.68618  4.42225  2.77519  2.73123  3.46354  2.40513  3.72494  3.29354  2.67741  2.69355  4.24690  2.90347  2.73739  3.18146  2.89801  2.37887  2.77519  2.98518  4.58477  3.61503
          0.03163  3.86529  4.58763  0.61958  0.77255  0.48576  0.95510
     12   1.02416  4.18850  3.45534  3.24632  4.04526  3.01323  4.26921  3.16970  3.26240  3.05164  4.08427  3.39774  3.75177  3.60422  3.51341  2.53886  2.81572  2.82534  5.47313  4.27259     22 a - - -
          2.68618  4.42225  2.77519  2.73123  3.46354  2.40513  3.72494  3.29354  2.67741  2.69355  4.24690  2.90347  2.73739  3.18146  2.89801  2.37887  2.77519  2.98518  4.58477  3.61503
          0.03163  3.86529  4.58763  0.61958  0.77255  0.48576  0.95510
     13   2.96558  4.92905  3.14109  2.76392  4.31383  3.45580  3.75527  3.74266  1.04814  3.30931  4.27116  3.18870  3.95666  2.94716  2.43034  3.00805  3.21939  3.45086  5.37145  4.18319     23 k - - -
          2.68618  4.42225  2.77519  2.73123  3.46354  2.40513  3.72494  3.29354  2.67741  2.69355  4.24690  2.90347  2.73739  3.18146  2.89801  2.37887  2.77519  2.98518  4.58477  3.61503
          0.03163  3.86529  4.58763  0.61958  0.77255  0.48576  0.95510
     14   2.65604  4.43216  3.32834  3.22684  4.36924  0.74028  4.34754  3.96713  3.40714  3.62215  4.59785  3.49265  3.82307  3.73187  3.64395  2.82775  3.13671  3.49683  5.46626  4.47090     24 g - - -
          2.68618  4.42225  2.77519  2.73123  3.46354  2.40513  3.72494  3.29354  2.67741  2.69355  4.24690  2.90347  2.73739  3.18146  2.89801  2.37887  2.77519  2.98518  4.58477  3.61503
          0.03163  3.86529  4.58763  0.61958  0.77255  0.48576  0.95510
     15   3.24924  4.65312  4.22887  3.94201  1.02354  3.94067  3.87410  2.77383  3.84922  2.14555  3.50506  4.01110  4.39943  4.01918  3.97072  3.51953  3.55038  2.76400  4.12532  2.49325     25 f - - -
          2.68618  4.42225  2.77519  2.73123  3.46354  2.40513  3.72494  3.29354  2.67741  2.69355  4.24690  2.90347  2.73739  3.18146  2.89801  2.37887  2.77519  2.98518  4.58477  3.61503
          0.03163  3.86529  4.58763  0.61958  0.77255  0.48576  0.95510
     16   2.65604  4.43216  3.32834  3.22684  4.36924  0.74028  4.34754  3.96713  3.40714  3.62215  4.59785  3.49265  3.82307  3.73187  3.64395  2.82775  3.13671  3.49683  5.46626  4.47090     26 g - - -
          2.68618  4.42225  2.77519  2.73123  3.46354  2.40513  3.72494  3.29354  2.67741  2.69355  4.24690  2.90347  2.73739  3.18146  2.89801  2.37887  2.77519  2.98518  4.58477  3.61503
          0.03163  3.86529  4.58763  0.61958  0.77255  0.48576  0.95510
     17   3.24924  4.65312  4.22887  3.94201  1.02354  3.94067  3.87410  2.77383  3.84922  2.14555  3.50506  4.01110  4.39943  4.01918  3.97072  3.51953  3.55038  2.76400  4.12532  2.49325     27 f - - -
          2.68618  4.42225  2.77519  2.73123  3.46354  2.40513  3.72494  3.29354  2.67741  2.69355  4.24690  2.90347  2.73739  3.18146  2.89801  2.37887  2.77519  2.98518  4.58477  3.61503
          0.03163  3.86529  4.58763  0.61958  0.77255  0.48576  0.95510
     18   3.02551  4.44626  4.32545  3.94098  3.36936  4.05875  4.67045  1.08684  3.76898  1.95689  3.30586  4.18733  4.49067  4.11802  3.96637  3.55337  3.32481  1.84576  5.25870  3.99637     28 i - - -
          2.68618  4.42225  2.77519  2.73123  3.46354  2.40513  3.72494  3.29354  2.67741  2.69355  4.24690  2.90347  2.73739  3.18146  2.89801  2.37887  2.77519  2.98518  4.58477  3.61503
          0.03163  3.86529  4.58763  0.61958  0.77255  0.48576  0.95510
     19   2.57818  0.95512  4.09545  3.83347  3.82648  3.20265  4.48213  2.96922  3.66037  2.88501  4.00607  3.82237  3.90904  4.00677  3.78601  2.84981  3.04435  2.71428  5.24409  4.11421     29 c - - -
          2.68618  4.42225  2.77519  2.73123  3.46354  2.40513  3.72494  3.29354  2.67741  2.69355  4.24690  2.90347  2.73739  3.18146  2.89801  2.37887  2.77519  2.98518  4.58477  3.61503
          0.03163  3.86529  4.58763  0.61958  0.77255  0.48576  0.95510
     20   2.74200  4.50053  3.34839  3.18640  4.18218  3.18845  4.26444  3.72575  3.24308  3.35337  4.40291  3.49382  0.84109  3.63208  3.48942  2.90926  3.18300  3.37194  5.37070  4.30275     30 p - - -
          2.68618  4.42225  2.77519  2.73123  3.46354  2.40513  3.72494  3.29354  2.67741  2.69355  4.24690  2.90347  2.73739  3.18146  2.89801  2.37887  2.77519  2.98518  4.58477  3.61503
          0.03163  3.86529  4.58763  0.61958  0.77255  0.48576  0.95510
     21   2.94616  5.05568  2.48464  1.03563  4.40100  3.26946  3.85567  3.85348  2.73529  3.47176  4.44613  2.92889  3.87371  3.07149  3.14338  2.92929  3.25034  3.53807  5.57393  4.29619     31 e - - -
          2.68618  4.42225  2.77519  2.73123  3.46354  2.40513  3.72494  3.29354  2.67741  2.69355  4.24690  2.90347  2.73739  3.18146  2.89801  2.37887  2.77519  2.98518  4.58477  3.61503
          0.03163  3.86529  4.58763  0.61958  0.77255  0.48576  0.95510
     22   2.65604  4.43216  3.32834  3.22684  4.36924  0.74028  4.34754  3.96713  3.40714  3.62215  4.59785  3.49265  3.82307  3.73187  3.64395  2.82775  3.13671  3.49683  5.46626  4.47090     32 g - - -
          2.68618  4.42225  2.77519  2.73123  3.46354  2.40513  3.72494  3.29354  2.67741  2.69355  4.24690  2.90347  2.73739  3.18146  2.89801  2.37887  2.77519  2.98518  4.58477  3.61503
          0.03163  3.86529  4.58763  0.61958  0.77255  0.48576  0.95510
     23   2.65604  4.43216  3.32834  3.22684  4.36924  0.74028  4.34754  3.96713  3.40714  3.62215  4.59785  3.49265  3.82307  3.73187  3.64395  2.82775  3.13671  3.49683  5.46626  4.47090     33 g - - -
          2.68618  4.42225  2.77519  2.73123  3.46354  2.40513  3.72494  3.29354  2.67741  2.69355  4.24690  2.90347  2.73739  3.18146  2.89801  2.37887  2.77519  2.98518  4.58477  3.61503
          0.03163  3.86529  4.58763  0.61958  0.77255  0.48576  0.95510
     24   2.65604  4.43216  3.32834  3.22684  4.36924  0.74028  4.34754  3.96713  3.40714  3.62215  4.59785  3.49265  3.82307  3.73187  3.64395  2.82775  3.13671  3.49683  5.46626  4.47090     34 g - - -
          2.68618  4.42225  2.77519  2.73123  3.46354  2.40513  3.72494  3.29354  2.67741  2.69355  4.24690  2.90347  2.73739  3.18146  2.89801  2.37887  2.77519  2.98518  4.58477  3.61503
          0.03163  3.86529  4.58763  0.61958  0.77255  0.48576  0.95510
     25   2.94616  5.05568  2.48464  1.03563  4.40100  3.26946  3.85567  3.85348  2.73529  3.47176  4.44613  2.92889  3.87371  3.07149  3.14338  2.92929  3.25034  3.53807  5.57393  4.29619     35 e - - -
          2.68618  4.42225  2.77519  2.73123  3.46354  2.40513  3.72494  3.29354  2.67741  2.69355  4.24690  2.90347  2.73739  3.18146  2.89801  2.37887  2.77519  2.98518  4.58477  3.61503
          0.03163  3.86529  4.58763  0.61958  0.77255  0.48576  0.95510
     26   2.98191  5.10905  0.92841  2.33050  4.48510  3.20525  3.92476  4.07164  3.00753  3.68126  4.65922  2.88651  3.85754  3.16391  3.52276  2.94509  3.32034  3.71160  5.65511  4.35921     36 d - - -
          2.68618  4.42225  2.77519  2.73123  3.46354  2.40513  3.72494  3.29354  2.67741  2.69355  4.24690  2.90347  2.73739  3.18146  2.89801  2.37887  2.77519  2.98518  4.58477  3.61503
          0.03163  3.86529  4.58763  0.61958  0.77255  0.48576  0.95510
     27   3.02551  4.44626  4.32545  3.94098  3.36936  4.05875  4.67045  1.08684  3.76898  1.95689  3.30586  4.18733  4.49067  4.11802  3.96637  3.55337  3.32481  1.84576  5.25870  3.99637     37 i - - -
          2.68618  4.42225  2.77519  2.73123  3.46354  2.40513  3.72494  3.29354  2.67741  2.69355  4.24690  2.90347  2.73739  3.18146  2.89801  2.37887  2.77519  2.98518  4.58477  3.61503
          0.03163  3.86529  4.58763  0.61958  0.77255  0.48576  0.95510
     28   3.24924  4.65312  4.22887  3.94201  1.02354  3.94067  3.87410  2.77383  3.84922  2.14555  3.50506  4.01110  4.39943  4.01918  3.97072  3.51953  3.55038  2.76400  4.12532  2.49325     38 f - - -
          2.68618  4.42225  2.77519  2.73123  3.46354  2.40513  3.72494  3.29354  2.67741  2.69355  4.24690  2.90347  2.73739  3.18146  2.89801  2.37887  2.77519  2.98518  4.58477  3.61503
          0.03163  3.86529  4.58763  0.61958  0.77255  0.48576  0.95510
     29   1.02416  4.18850  3.45534  3.24632  4.04526  3.01323  4.26921  3.16970  3.26240  3.05164  4.08427  3.39774  3.75177  3.60422  3.51341  2.53886  2.81572  2.82534  5.47313  4.27259     39 a - - -
          2.68618  4.42225  2.77519  2.73123  3.46354  2.40513  3.72494  3.29354  2.67741  2.69355  4.24690  2.90347  2.73739  3.18146  2.89801  2.37887  2.77519  2.98518  4.58477  3.61503
          0.03163  3.86529  4.58763  0.61958  0.77255  0.48576  0.95510
     30   2.98705  4.80573  3.11875  2.87799  3.27974  3.44147  1.15774  3.68886  2.72124  3.18372  4.22612  3.28760  3.99361  3.24413  2.98737  3.05781  3.29018  3.42413  4.74489  3.23081     40 h - - -
          2.68618  4.42225  2.77519  2.73123  3.46354  2.40513  3.72494  3.29354  2.67741  2.69355  4.24690  2.90347  2.73739  3.18146  2.89801  2.37887  2.77519  2.98518  4.58477  3.61503
          0.03163  3.86529  4.58763  0.61958  0.77255  0.48576  0.95510
     31   3.23675  4.72865  3.82765  3.55570  2.29364  3.82178  3.61523  3.24697  3.41343  2.70275  3.92275  3.71464  4.29580  3.72119  3.59860  3.37416  3.52340  3.11719  3.93712  0.97781     41 y - - -
          2.68618  4.42225  2.77519  2.73123  3.46354  2.40513  3.72494  3.29354  2.67741  2.69355  4.24690  2.90347  2.73739  3.18146  2.89801  2.37887  2.77519  2.98518  4.58477  3.61503
          0.03163  3.86529  4.58763  0.61958  0.77255  0.48576  0.95510
     32   2.31149  4.23179  3.20020  3.01565  4.06914  2.96181  4.12570  3.59078  3.08894  3.31157  4.23827  3.24158  3.70002  3.43882  3.37518  1.10193  2.79109  3.12746  5.44220  4.15263     42 s - - -
          2.68618  4.42225  2.77519  2.73123  3.46354  2.40513  3.72494  3.29354  2.67741  2.69355  4.24690  2.90347  2.73739  3.18146  2.89801  2.37887  2.77519  2.98518  4.58477  3.61503
          0.03163  3.86529  4.58763  0.61958  0.77255  0.48576  0.95510
     33   2.40888  4.25393  3.42174  3.17343  3.96256  3.09345  4.19130  3.08882  3.11626  2.95256  4.00356  3.38395  3.79664  3.51145  3.37529  2.61007  1.18414  2.78456  5.40099  4.17919     43 t - - -
          2.68618  4.42225  2.77519  2.73123  3.46354  2.40513  3.72494  3.29354  2.67741  2.69355  4.24690  2.90347  2.73739  3.18146  2.89801  2.37887  2.77519  2.98518  4.58477  3.61503
          0.03163  3.86529  4.58763  0.61958  0.77255  0.48576  0.95510
     34   3.02551  4.44626  4.32545  3.94098  3.36936  4.05875  4.67045  1.08684  3.76898  1.95689  3.30586  4.18733  4.49067  4.11802  3.96637  3.55337  3.32481  1.84576  5.25870  3.99637     44 i - - -
          2.68618  4.42225  2.77519  2.73123  3.46354  2.40513  3.72494  3.29354  2.67741  2.69355  4.24690  2.90347  2.73739  3.18146  2.89801  2.37887  2.77519  2.98518  4.58477  3.61503
          0.03163  3.86529  4.58763  0.61958  0.77255  0.48576  0.95510
     35   2.87509  4.86056  2.89822  2.65287  4.02817  3.36131  3.81111  3.65784  2.47416  3.16091  4.18899  3.11253  3.91468  1.24686  2.75847  2.92316  3.17208  3.38797  5.30146  3.99474     45 q - - -
          2.68618  4.42225  2.77519  2.73123  3.46354  2.40513  3.72494  3.29354  2.67741  2.69355  4.24690  2.90347  2.73739  3.18146  2.89801  2.37887  2.77519  2.98518  4.58477  3.61503
          0.03163  3.86529  4.58763  0.61958  0.77255  0.48576  0.95510
     36   2.96358  4.51349  4.04171  3.63465  3.20462  3.82871  4.37145  2.37950  3.40311  1.80039  1.39176  3.91302  4.28929  3.78547  3.60927  3.31193  3.26875  2.38478  5.04447  3.80561     46 m - - -
          2.68618  4.42225  2.77519  2.73123  3.46354  2.40513  3.72494  3.29354  2.67741  2.69355  4.24690  2.90347  2.73739  3.18146  2.89801  2.37887  2.77519  2.98518  4.58477  3.61503
          0.03163  3.86529  4.58763  0.61958  0.77255  0.48576  0.95510
     37   2.98191  5.10905  0.92841  2.33050  4.48510  3.20525  3.92476  4.07164  3.00753  3.68126  4.65922  2.88651  3.85754  3.16391  3.52276  2.94509  3.32034  3.71160  5.65511  4.35921     47 d - - -
          2.68618  4.42225  2.77519  2.73123  3.46354  2.40513  3.72494  3.29354  2.67741  2.69355  4.24690  2.90347  2.73739  3.18146  2.89801  2.37887  2.77519  2.98518  4.58477  3.61503
          0.03163  3.86529  4.58763  0.61958  0.77255  0.48576  0.95510
     38   2.65604  4.43216  3.32834  3.22684  4.36924  0.74028  4.34754  3.96713  3.40714  3.62215  4.59785  3.49265  3.82307  3.73187  3.64395  2.82775  3.13671  3.49683  5.46626  4.47090     48 g - - -
          2.68618  4.42225  2.77519  2.73123  3.46354  2.40513  3.72494  3.29354  2.67741  2.69355  4.24690  2.90347  2.73739  3.18146  2.89801  2.37887  2.77519  2.98518  4.58477  3.61503
          0.03163  3.86529  4.58763  0.61958  0.77255  0.48576  0.95510
     39   3.23675  4.72865  3.82765  3.55570  2.29364  3.82178  3.61523  3.24697  3.41343  2.70275  3.92275  3.71464  4.29580  3.72119  3.59860  3.37416  3.52340  3.11719  3.93712  0.97781     49 y - - -
          2.68618  4.42225  2.77519  2.73123  3.46354  2.40513  3.72494  3.29354  2.67741  2.69355  4.24690  2.90347  2.73739  3.18146  2.89801  2.37887  2.77519  2.98518  4.58477  3.61503
          0.03163  3.86529  4.58763  0.61958  0.77255  0.48576  0.95510
     40   2.99739  4.83699  3.48731  2.99990  4.18976  3.48675  3.81912  3.73098  2.23457  3.24822  4.24860  3.36018  3.98969  3.03982  0.98941  3.08192  3.26385  3.45525  5.27572  4.11869     50 r - - -
          2.68618  4.42225  2.77519  2.73123  3.46354  2.40513  3.72494  3.29354  2.67741  2.69355  4.24690  2.90347  2.73739  3.18146  2.89801  2.37887  2.77519  2.98518  4.58477  3.61503
          0.03163  3.86529  4.58763  0.61958  0.77255  0.48576  0.95510
     41   2.40888  4.25393  3.42174  3.17343  3.96256  3.09345  4.19130  3.08882  3.11626  2.95256  4.00356  3.38395  3.79664  3.51145  3.37529  2.61007  1.18414  2.78456  5.40099  4.17919     51 t - - -
          2.68618  4.42225  2.77519  2.73123  3.46354  2.40513  3.72494  3.29354  2.67741  2.69355  4.24690  2.90347  2.73739  3.18146  2.89801  2.37887  2.77519  2.98518  4.58477  3.61503
          0.03163  3.86529  4.58763  0.61958  0.77255  0.48576  0.95510
     42   3.14723  4.61164  4.17796  3.81779  3.13300  3.97301  4.47578  2.33668  3.58561  0.88408  3.15823  4.09396  4.40961  3.95566  3.76285  3.54306  3.44182  2.37215  5.00967  3.73132     52 l - - -
          2.68618  4.42225  2.77519  2.73123  3.46354  2.40513  3.72494  3.29354  2.67741  2.69355  4.24690  2.90347  2.73739  3.18146  2.89801  2.37887  2.77519  2.98518  4.58477  3.61503
          0.03163  3.86529  4.58763  0.61958  0.77255  0.48576  0.95510
     43   2.96558  4.92905  3.14109  2.76392  4.31383  3.45580  3.75527  3.74266  1.04814  3.30931  4.27116  3.18870  3.95666  2.94716  2.43034  3.00805  3.21939  3.45086  5.37145  4.18319     53 k - - -
          2.68618  4.42225  2.77519  2.73123  3.46354  2.40513  3.72494  3.29354  2.67741  2.69355  4.24690  2.90347  2.73739  3.18146  2.89801  2.37887  2.77519  2.98518  4.58477  3.61503
          0.03163  3.86529  4.58763  0.61958  0.77255  0.48576  0.95510
     44   1.02416  4.18850  3.45534  3.24632  4.04526  3.01323  4.26921  3.16970  3.26240  3.05164  4.08427  3.39774  3.75177  3.60422  3.51341  2.53886  2.81572  2.82534  5.47313  4.27259     54 a - - -
          2.68618  4.42225  2.77519  2.73123  3.46354  2.40513  3.72494  3.29354  2.67741  2.69355  4.24690  2.90347  2.73739  3.18146  2.89801  2.37887  2.77519  2.98518  4.58477  3.61503
          0.03163  3.86529  4.58763  0.61958  0.77255  0.48576  0.95510
     45   2.65604  4.43216  3.32834  3.22684  4.36924  0.74028  4.34754  3.96713  3.40714  3.62215  4.59785  3.49265  3.82307  3.73187  3.64395  2.82775  3.13671  3.49683  5.46626  4.47090     55 g - - -
          2.68618  4.42225  2.77519  2.73123  3.46354  2.40513  3.72494  3.29354  2.67741  2.69355  4.24690  2.90347  2.73739  3.18146  2.89801  2.37887  2.77519  2.98518  4.58477  3.61503
          0.03163  3.86529  4.58763  0.61958  0.77255  0.48576  0.95510
     46   2.87509  4.86056  2.89822  2.65287  4.02817  3.36131  3.81111  3.65784  2.47416  3.16091  4.18899  3.11253  3.91468  1.24686  2.75847  2.92316  3.17208  3.38797  5.30146  3.99474     56 q - - -
          2.68618  4.42225  2.77519  2.73123  3.46354  2.40513  3.72494  3.29354  2.67741  2.69355  4.24690  2.90347  2.73739  3.18146  2.89801  2.37887  2.77519  2.98518  4.58477  3.61503
          0.03163  3.86529  4.58763  0.61958  0.77255  0.48576  0.95510
     47   2.31149  4.23179  3.20020  3.01565  4.06914  2.96181  4.12570  3.59078  3.08894  3.31157  4.23827  3.24158  3.70002  3.43882  3.37518  1.10193  2.79109  3.12746  5.44220  4.15263     57 s - - -
          2.68618  4.42225  2.77519  2.73123  3.46354  2.40513  3.72494  3.29354  2.67741  2.69355  4.24690  2.90347  2.73739  3.18146  2.89801  2.37887  2.77519  2.98518  4.58477  3.61503
          0.03163  3.86529  4.58763  0.61958  0.77255  0.48576  0.95510
     48   2.80242  4.34703  4.11537  3.77829  3.54485  3.71644  4.58126  2.05069  3.64596  2.23314  3.51110  3.96927  4.27735  4.00629  3.85915  3.21953  3.16415  1.03400  5.32807  4.05924     58 v - - -
          2.68618  4.42225  2.77519  2.73123  3.46354  2.40513  3.72494  3.29354  2.67741  2.69355  4.24690  2.90347  2.73739  3.18146  2.89801  2.37887  2.77519  2.98518  4.58477  3.61503
          0.03163  3.86529  4.58763  0.61958  0.77255  0.48576  0.95510
     49   2.87509  4.86056  2.89822  2.65287  4.02817  3.36131  3.81111  3.65784  2.47416  3.16091  4.18899  3.11253  3.91468  1.24686  2.75847  2.92316  3.17208  3.38797  5.30146  3.99474     59 q - - -
          2.68618  4.42225  2.77519  2.73123  3.46354  2.40513  3.72494  3.29354  2.67741  2.69355  4.24690  2.90347  2.73739  3.18146  2.89801  2.37887  2.77519  2.98518  4.58477  3.61503
          0.03163  3.86529  4.58763  0.61958  0.77255  0.48576  0.95510
     50   3.24924  4.65312  4.22887  3.94201  1.02354  3.94067  3.87410  2.77383  3.84922  2.14555  3.50506  4.01110  4.39943  4.01918  3.97072  3.51953  3.55038  2.76400  4.12532  2.49325     60 f - - -
          2.68618  4.42225  2.77519  2.73123  3.46354  2.40513  3.72494  3.29354  2.67741  2.69355  4.24690  2.90347  2.73739  3.18146  2.89801  2.37887  2.77519  2.98518  4.58477  3.61503
          0.03163  3.86529  4.58763  0.61958  0.77255  0.48576  0.95510
     51   2.98191  5.10905  0.92841  2.33050  4.48510  3.20525  3.92476  4.07164  3.00753  3.68126  4.65922  2.88651  3.85754  3.16391  3.52276  2.94509  3.32034  3.71160  5.65511  4.35921     61 d - - -
          2.68618  4.42225  2.77519  2.73123  3.46354  2.40513  3.72494  3.29354  2.67741  2.69355  4.24690  2.90347  2.73739  3.18146  2.89801  2.37887  2.77519  2.98518  4.58477  3.61503
          0.03163  3.86529  4.58763  0.61958  0.77255  0.48576  0.95510
     52   2.80242  4.34703  4.11537  3.77829  3.54485  3.71644  4.58126  2.05069  3.64596  2.23314  3.51110  3.96927  4.27735  4.00629  3.85915  3.21953  3.16415  1.03400  5.32807  4.05924     62 v - - -
          2.68618  4.42225  2.77519  2.73123  3.46354  2.40513  3.72494  3.29354  2.67741  2.69355  4.24690  2.90347  2.73739  3.18146  2.89801  2.37887  2.77519  2.98518  4.58477  3.61503
          0.03163  3.86529  4.58763  0.61958  0.77255  0.48576  0.95510
     53   2.98705  4.80573  3.11875  2.87799  3.27974  3.44147  1.15774  3.68886  2.72124  3.18372  4.22612  3.28760  3.99361  3.24413  2.98737  3.05781  3.29018  3.42413  4.74489  3.23081     63 h - - -
          2.68618  4.42225  2.77519  2.73123  3.46354  2.40513  3.72494  3.29354  2.67741  2.69355  4.24690  2.90347  2.73739  3.18146  2.89801  2.37887  2.77519  2.98518  4.58477  3.61503
          0.03163  3.86529  4.58763  0.61958  0.77255  0.48576  0.95510
     54   2.87509  4.86056  2.89822  2.65287  4.02817  3.36131  3.81111  3.65784  2.47416  3.16091  4.18899  3.11253  3.91468  1.24686  2.75847  2.92316  3.17208  3.38797  5.30146  3.99474     64 q - - -
          2.68618  4.42225  2.77519  2.73123  3.46354  2.40513  3.72494  3.29354  2.67741  2.69355  4.24690  2.90347  2.73739  3.18146  2.89801  2.37887  2.77519  2.98518  4.58477  3.61503
          0.03163  3.86529  4.58763  0.61958  0.77255  0.48576  0.95510
     55   2.65604  4.43216  3.32834  3.22684  4.36924  0.74028  4.34754  3.96713  3.40714  3.62215  4.59785  3.49265  3.82307  3.73187  3.64395  2.82775  3.13671  3.49683  5.46626  4.47090     65 g - - -
          2.68618  4.42225  2.77519  2.73123  3.46354  2.40513  3.72494  3.29354  2.67741  2.69355  4.24690  2.90347  2.73739  3.18146  2.89801  2.37887  2.77519  2.98518  4.58477  3.61503
          0.03163  3.86529  4.58763  0.61958  0.77255  0.48576  0.95510
     56   2.74200  4.50053  3.34839  3.18640  4.18218  3.18845  4.26444  3.72575  3.24308  3.35337  4.40291  3.49382  0.84109  3.63208  3.48942  2.90926  3.18300  3.37194  5.37070  4.30275     66 p - - -
          2.68618  4.42225  2.77519  2.73123  3.46354  2.40513  3.72494  3.29354  2.67741  2.69355  4.24690  2.90347  2.73739  3.18146  2.89801  2.37887  2.77519  2.98518  4.58477  3.61503
          0.03163  3.86529  4.58763  0.61958  0.77255  0.48576  0.95510
     57   2.96558  4.92905  3.14109  2.76392  4.31383  3.45580  3.75527  3.74266  1.04814  3.30931  4.27116  3.18870  3.95666  2.94716  2.43034  3.00805  3.21939  3.45086  5.37145  4.18319     67 k - - -
          2.68618  4.42225  2.77519  2.73123  3.46354  2.40513  3.72494  3.29354  2.67741  2.69355  4.24690  2.90347  2.73739  3.18146  2.89801  2.37887  2.77519  2.98518  4.58477  3.61503
          0.03163  3.86529  4.58763  0.61958  0.77255  0.48576  0.95510
     58   2.65604  4.43216  3.32834  3.22684  4.36924  0.74028  4.34754  3.96713  3.40714  3.62215  4.59785  3.49265  3.82307  3.73187  3.64395  2.82775  3.13671  3.49683  5.46626  4.47090     68 g - - -
          2.68618  4.42225  2.77519  2.73123  3.46354  2.40513  3.72494  3.29354  2.67741  2.69355  4.24690  2.90347  2.73739  3.18146  2.89801  2.37887  2.77519  2.98518  4.58477  3.61503
          0.03163  3.86529  4.58763  0.61958  0.77255  0.48576  0.95510
     59   2.71750  4.71381  2.70438  2.58914  4.07620  3.17917  3.91524  3.78505  2.81834  3.43273  4.38804  1.17083  3.83069  3.18800  3.17275  2.78498  3.09913  3.40798  5.38294  4.02506     69 n - - -
          2.68618  4.42225  2.77519  2.73123  3.46354  2.40513  3.72494  3.29354  2.67741  2.69355  4.24690  2.90347  2.73739  3.18146  2.89801  2.37887  2.77519  2.98518  4.58477  3.61503
          0.03163  3.86529  4.58763  0.61958  0.77255  0.48576  0.95510
     60   2.98705  4.80573  3.11875  2.87799  3.27974  3.44147  1.15774  3.68886  2.72124  3.18372  4.22612  3.28760  3.99361  3.24413  2.98737  3.05781  3.29018  3.42413  4.74489  3.23081     70 h - - -
          2.68618  4.42225  2.77519  2.73123  3.46354  2.40513  3.72494  3.29354  2.67741  2.69355  4.24690  2.90347  2.73739  3.18146  2.89801  2.37887  2.77519  2.98518  4.58477  3.61503
          0.03163  3.86529  4.58763  0.61958  0.77255  0.48576  0.95510
     61   1.02416  4.18850  3.45534  3.24632  4.04526  3.01323  4.26921  3.16970  3.26240  3.05164  4.08427  3.39774  3.75177  3.60422  3.51341  2.53886  2.81572  2.82534  5.47313  4.27259     71 a - - -
          2.68618  4.42225  2.77519  2.73123  3.46354  2.40513  3.72494  3.29354  2.67741  2.69355  4.24690  2.90347  2.73739  3.18146  2.89801  2.37887  2.77519  2.98518  4.58477  3.61503
          0.03163  3.86529  4.58763  0.61958  0.77255  0.48576  0.95510
     62   2.31149  4.23179  3.20020  3.01565  4.06914  2.96181  4.12570  3.59078  3.08894  3.31157  4.23827  3.24158  3.70002  3.43882  3.37518  1.10193  2.79109  3.12746  5.44220  4.15263     72 s - - -
          2.68618  4.42225  2.77519  2.73123  3.46354  2.40513  3.72494  3.29354  2.67741  2.69355  4.24690  2.90347  2.73739  3.18146  2.89801  2.37887  2.77519  2.98518  4.58477  3.61503
          0.03163  3.86529  4.58763  0.61958  0.77255  0.48576  0.95510
     63   2.80242  4.34703  4.11537  3.77829  3.54485  3.71644  4.58126  2.05069  3.64596  2.23314  3.51110  3.96927  4.27735  4.00629  3.85915  3.21953  3.16415  1.03400  5.32807  4.05924     73 v - - -
          2.68618  4.42225  2.77519  2.73123  3.46354  2.40513  3.72494  3.29354  2.67741  2.69355  4.24690  2.90347  2.73739  3.18146  2.89801  2.37887  2.77519  2.98518  4.58477  3.61503
          0.03163  3.86529  4.58763  0.61958  0.77255  0.48576  0.95510
     64   3.02551  4.44626  4.32545  3.94098  3.36936  4.05875  4.67045  1.08684  3.76898  1.95689  3.30586  4.18733  4.49067  4.11802  3.96637  3.55337  3.32481  1.84576  5.25870  3.99637     74 i - - -
          2.68618  4.42225  2.77519  2.73123  3.46354  2.40513  3.72494  3.29354  2.67741  2.69355  4.24690  2.90347  2.73739  3.18146  2.89801  2.37887  2.77519  2.98518  4.58477  3.61503
          0.03163  3.86529  4.58763  0.61958  0.77255  0.48576  0.95510
     65   2.80242  4.34703  4.11537  3.77829  3.54485  3.71644  4.58126  2.05069  3.64596  2.23314  3.51110  3.96927  4.27735  4.00629  3.85915  3.21953  3.16415  1.03400  5.32807  4.05924     75 v - - -
          2.68618  4.42225  2.77519  2.73123  3.46354  2.40513  3.72494  3.29354  2.67741  2.69355  4.24690  2.90347  2.73739  3.18146  2.89801  2.37887  2.77519  2.98518  4.58477  3.61503
          0.03163  3.86529  4.58763  0.61958  0.77255  0.48576  0.95510
     66   2.74200  4.50053  3.34839  3.18640  4.18218  3.18845  4.26444  3.72575  3.24308  3.35337  4.40291  3.49382  0.84109  3.63208  3.48942  2.90926  3.18300  3.37194  5.37070  4.30275     76 p - - -
          2.68618  4.42225  2.77519  2.73123  3.46354  2.40513  3.72494  3.29354  2.67741  2.69355  4.24690  2.90347  2.73739  3.18146  2.89801  2.37887  2.77519  2.98518  4.58477  3.61503
          0.03163  3.86529  4.58763  0.61958  0.77255  0.48576  0.95510
     67   2.80242  4.34703  4.11537  3.77829  3.54485  3.71644  4.58126  2.05069  3.64596  2.23314  3.51110  3.96927  4.27735  4.00629  3.85915  3.21953  3.16415  1.03400  5.32807  4.05924     77 v - - -
          2.68618  4.42225  2.77519  2.73123  3.46354  2.40513  3.72494  3.29354  2.67741  2.69355  4.24690  2.90347  2.73739  3.18146  2.89801  2.37887  2.77519  2.98518  4.58477  3.61503
          0.03163  3.86529  4.58763  0.61958  0.77255  0.48576  0.95510
     68   2.94616  5.05568  2.48464  1.03563  4.40100  3.26946  3.85567  3.85348  2.73529  3.47176  4.44613  2.92889  3.87371  3.07149  3.14338  2.92929  3.25034  3.53807  5.57393  4.29619     78 e - - -
          2.68618  4.42225  2.77519  2.73123  3.46354  2.40513  3.72494  3.29354  2.67741  2.69355  4.24690  2.90347  2.73739  3.18146  2.89801  2.37887  2.77519  2.98518  4.58477  3.61503
          0.03163  3.86529  4.58763  0.61958  0.77255  0.48576  0.95510
     69   2.80242  4.34703  4.11537  3.77829  3.54485  3.71644  4.58126  2.05069  3.64596  2.23314  3.51110  3.96927  4.27735  4.00629  3.85915  3.21953  3.16415  1.03400  5.32807  4.05924     79 v - - -
          2.68618  4.42225  2.77519  2.73123  3.46354  2.40513  3.72494  3.29354  2.67741  2.69355  4.24690  2.90347  2.73739  3.18146  2.89801  2.37887  2.77519  2.98518  4.58477  3.61503
          0.03163  3.86529  4.58763  0.61958  0.77255  0.48576  0.95510
     70   2.94616  5.05568  2.48464  1.03563  4.40100  3.26946  3.85567  3.85348  2.73529  3.47176  4.44613  2.92889  3.87371  3.07149  3.14338  2.92929  3.25034  3.53807  5.57393  4.29619     80 e - - -
          2.68618  4.42225  2.77519  2.73123  3.46354  2.40513  3.72494  3.29354  2.67741  2.69355  4.24690  2.90347  2.73739  3.18146  2.89801  2.37887  2.77519  2.98518  4.58477  3.61503
          0.03163  3.86529  4.58763  0.61958  0.77255  0.48576  0.95510
     71   1.02416  4.18850  3.45534  3.24632  4.04526  3.01323  4.26921  3.16970  3.26240  3.05164  4.08427  3.39774  3.75177  3.60422  3.51341  2.53886  2.81572  2.82534  5.47313  4.27259     81 a - - -
          2.68618  4.42225  2.77519  2.73123  3.46354  2.40513  3.72494  3.29354  2.67741  2.69355  4.24690  2.90347  2.73739  3.18146  2.89801  2.37887  2.77519  2.98518  4.58477  3.61503
          0.03163  3.86529  4.58763  0.61958  0.77255  0.48576  0.95510
     72   1.02416  4.18850  3.45534  3.24632  4.04526  3.01323  4.26921  3.16970  3.26240  3.05164  4.08427  3.39774  3.75177  3.60422  3.51341  2.53886  2.81572  2.82534  5.47313  4.27259     82 a - - -
          2.68618  4.42225  2.77519  2.73123  3.46354  2.40513  3.72494  3.29354  2.67741  2.69355  4.24690  2.90347  2.73739  3.18146  2.89801  2.37887  2.77519  2.98518  4.58477  3.61503
          0.03163  3.86529  4.58763  0.61958  0.77255  0.48576  0.95510
     73   2.80242  4.34703  4.11537  3.77829  3.54485  3.71644  4.58126  2.05069  3.64596  2.23314  3.51110  3.96927  4.27735  4.00629  3.85915  3.21953  3.16415  1.03400  5.32807  4.05924     83 v - - -
          2.68618  4.42225  2.77519  2.73123  3.46354  2.40513  3.72494  3.29354  2.67741  2.69355  4.24690  2.90347  2.73739  3.18146  2.89801  2.37887  2.77519  2.98518  4.58477  3.61503
          0.03163  3.86529  4.58763  0.61958  0.77255  0.48576  0.95510
     74   1.02416  4.18850  3.45534  3.24632  4.04526  3.01323  4.26921  3.16970  3.26240  3.05164  4.08427  3.39774  3.75177  3.60422  3.51341  2.53886  2.81572  2.82534  5.47313  4.27259     84 a - - -
          2.68618  4.42225  2.77519  2.73123  3.46354  2.40513  3.72494  3.29354  2.67741  2.69355  4.24690  2.90347  2.73739  3.18146  2.89801  2.37887  2.77519  2.98518  4.58477  3.61503
          0.02140  3.85506        *  0.61958  0.77255  0.00000        *
//