HMMER3/f [3.1b2 | February 2015]
NAME  PRK15464.1
ACC   NF012008.0
DESC  NCBI Protein Cluster (PRK): cold shock-like protein CspH
LENG  70
ALPH  amino
RF    no
MM    no
CONS  yes
CS    no
MAP   yes
DATE  Wed Nov 22 17:07:47 2017
NSEQ  35
EFFN  0.534058
CKSUM 2387480427
GA    141 141
TC    141 141
NC    141 141
STATS LOCAL MSV       -8.7274  0.71891
STATS LOCAL VITERBI   -9.2282  0.71891
STATS LOCAL FORWARD   -4.1473  0.71891
HMM          A        C        D        E        F        G        H        I        K        L        M        N        P        Q        R        S        T        V        W        Y
            m->m     m->i     m->d     i->m     i->i     d->m     d->d
  COMPO   2.57101  4.13513  3.03728  2.90511  3.17859  2.55850  3.89225  2.71437  2.70372  2.51873  3.65650  3.24248  3.13041  3.38863  2.68877  2.66067  2.86613  2.48185  5.16410  3.68221
          2.68618  4.42225  2.77519  2.73123  3.46354  2.40513  3.72494  3.29354  2.67741  2.69355  4.24690  2.90347  2.73739  3.18146  2.89801  2.37887  2.77519  2.98518  4.58477  3.61503
          0.03063  3.89699  4.61933  0.61958  0.77255  0.00000        *
      1   2.98829  4.53314  4.07561  3.67079  3.21818  3.85232  4.40025  2.39621  3.43758  1.80905  1.33174  3.94529  4.31295  3.81777  3.64004  3.34002  3.29401  2.40520  5.06234  3.82634      1 m - - -
          2.68618  4.42225  2.77519  2.73123  3.46354  2.40513  3.72494  3.29354  2.67741  2.69355  4.24690  2.90347  2.73739  3.18146  2.89801  2.37887  2.77519  2.98518  4.58477  3.61503
          0.03063  3.89699  4.61933  0.61958  0.77255  0.48576  0.95510
      2   2.32678  4.24762  3.22743  3.04411  4.10057  2.97703  4.15340  3.62640  3.11953  3.34466  4.26856  3.26512  3.71781  3.46689  3.40496  1.05470  2.80871  3.15614  5.47106  4.18417      2 s - - -
          2.68618  4.42225  2.77519  2.73123  3.46354  2.40513  3.72494  3.29354  2.67741  2.69355  4.24690  2.90347  2.73739  3.18146  2.89801  2.37887  2.77519  2.98518  4.58477  3.61503
          0.03063  3.89699  4.61933  0.61958  0.77255  0.48576  0.95510
      3   3.03276  4.87059  3.52588  3.03157  4.23137  3.51633  3.84150  3.77460  2.24652  3.28606  4.28540  3.38954  4.01754  3.06044  0.94160  3.11563  3.29693  3.49744  5.30436  4.15320      3 r - - -
          2.68618  4.42225  2.77519  2.73123  3.46354  2.40513  3.72494  3.29354  2.67741  2.69355  4.24690  2.90347  2.73739  3.18146  2.89801  2.37887  2.77519  2.98518  4.58477  3.61503
          0.03063  3.89699  4.61933  0.61958  0.77255  0.48576  0.95510
      4   2.99420  4.95935  3.17185  2.78848  4.35138  3.48123  3.77231  3.78214  1.00524  3.34177  4.30172  3.21194  3.97969  2.96226  2.43567  3.03447  3.24555  3.48848  5.39582  4.21204      4 k - - -
          2.68618  4.42225  2.77519  2.73123  3.46354  2.40513  3.72494  3.29354  2.67741  2.69355  4.24690  2.90347  2.73739  3.18146  2.89801  2.37887  2.77519  2.98518  4.58477  3.61503
          0.03063  3.89699  4.61933  0.61958  0.77255  0.48576  0.95510
      5   2.98829  4.53314  4.07561  3.67079  3.21818  3.85232  4.40025  2.39621  3.43758  1.80905  1.33174  3.94529  4.31295  3.81777  3.64004  3.34002  3.29401  2.40520  5.06234  3.82634      5 m - - -
          2.68618  4.42225  2.77519  2.73123  3.46354  2.40513  3.72494  3.29354  2.67741  2.69355  4.24690  2.90347  2.73739  3.18146  2.89801  2.37887  2.77519  2.98518  4.58477  3.61503
          0.03063  3.89699  4.61933  0.61958  0.77255  0.48576  0.95510
      6   2.42559  4.27078  3.44951  3.20242  3.99019  3.10930  4.21792  3.12030  3.14589  2.98292  4.03172  3.40802  3.81491  3.53944  3.40352  2.62711  1.13103  2.81266  5.42583  4.20676      6 t - - -
          2.68618  4.42225  2.77519  2.73123  3.46354  2.40513  3.72494  3.29354  2.67741  2.69355  4.24690  2.90347  2.73739  3.18146  2.89801  2.37887  2.77519  2.98518  4.58477  3.61503
          0.03063  3.89699  4.61933  0.61958  0.77255  0.48576  0.95510
      7   2.69508  4.46833  3.37390  3.27629  4.41860  0.69226  4.39527  4.02399  3.46092  3.67509  4.65087  3.53814  3.86026  3.78311  3.69447  2.86766  3.17822  3.54756  5.50748  4.52125      7 G - - -
          2.68618  4.42225  2.77519  2.73123  3.46354  2.40513  3.72494  3.29354  2.67741  2.69355  4.24690  2.90347  2.73739  3.18146  2.89801  2.37887  2.77519  2.98518  4.58477  3.61503
          0.03063  3.89699  4.61933  0.61958  0.77255  0.48576  0.95510
      8   3.05014  4.46182  4.37082  3.98739  3.39052  4.09323  4.71083  1.04807  3.81601  1.97134  3.32186  4.22928  4.52192  4.16166  4.00976  3.59074  3.34880  1.84631  5.28655  4.02709      8 i - - -
          2.68618  4.42225  2.77519  2.73123  3.46354  2.40513  3.72494  3.29354  2.67741  2.69355  4.24690  2.90347  2.73739  3.18146  2.89801  2.37887  2.77519  2.98518  4.58477  3.61503
          0.03063  3.89699  4.61933  0.61958  0.77255  0.48576  0.95510
      9   2.82735  4.36296  4.15937  3.82307  3.56779  3.74940  4.62048  2.04854  3.69123  2.25043  3.52903  4.00902  4.30840  4.04917  3.90140  3.25431  3.18821  0.99455  5.35644  4.08966      9 v - - -
          2.68618  4.42225  2.77519  2.73123  3.46354  2.40513  3.72494  3.29354  2.67741  2.69355  4.24690  2.90347  2.73739  3.18146  2.89801  2.37887  2.77519  2.98518  4.58477  3.61503
          0.03063  3.89699  4.61933  0.61958  0.77255  0.48576  0.95510
     10   2.99420  4.95935  3.17185  2.78848  4.35138  3.48123  3.77231  3.78214  1.00524  3.34177  4.30172  3.21194  3.97969  2.96226  2.43567  3.03447  3.24555  3.48848  5.39582  4.21204     10 k - - -
          2.68618  4.42225  2.77519  2.73123  3.46354  2.40513  3.72494  3.29354  2.67741  2.69355  4.24690  2.90347  2.73739  3.18146  2.89801  2.37887  2.77519  2.98518  4.58477  3.61503
          0.03063  3.89699  4.61933  0.61958  0.77255  0.48576  0.95510
     11   2.42559  4.27078  3.44951  3.20242  3.99019  3.10930  4.21792  3.12030  3.14589  2.98292  4.03172  3.40802  3.81491  3.53944  3.40352  2.62711  1.13103  2.81266  5.42583  4.20676     11 t - - -
          2.68618  4.42225  2.77519  2.73123  3.46354  2.40513  3.72494  3.29354  2.67741  2.69355  4.24690  2.90347  2.73739  3.18146  2.89801  2.37887  2.77519  2.98518  4.58477  3.61503
          0.03063  3.89699  4.61933  0.61958  0.77255  0.48576  0.95510
     12   3.28929  4.68380  4.27234  3.99133  0.97245  3.97365  3.88773  2.80978  3.89771  2.17410  3.53620  4.04669  4.43156  4.05888  4.01139  3.55807  3.59037  2.80230  4.12923  2.49305     12 f - - -
          2.68618  4.42225  2.77519  2.73123  3.46354  2.40513  3.72494  3.29354  2.67741  2.69355  4.24690  2.90347  2.73739  3.18146  2.89801  2.37887  2.77519  2.98518  4.58477  3.61503
          0.03063  3.89699  4.61933  0.61958  0.77255  0.48576  0.95510
     13   3.01564  5.14816  0.88353  2.34975  4.52839  3.22897  3.95221  4.12207  3.04090  3.72595  4.70440  2.90742  3.88347  3.19126  3.56060  2.97509  3.35466  3.75858  5.69226  4.39699     13 d - - -
          2.68618  4.42225  2.77519  2.73123  3.46354  2.40513  3.72494  3.29354  2.67741  2.69355  4.24690  2.90347  2.73739  3.18146  2.89801  2.37887  2.77519  2.98518  4.58477  3.61503
          0.03063  3.89699  4.61933  0.61958  0.77255  0.48576  0.95510
     14   3.03276  4.87059  3.52588  3.03157  4.23137  3.51633  3.84150  3.77460  2.24652  3.28606  4.28540  3.38954  4.01754  3.06044  0.94160  3.11563  3.29693  3.49744  5.30436  4.15320     14 r - - -
          2.68618  4.42225  2.77519  2.73123  3.46354  2.40513  3.72494  3.29354  2.67741  2.69355  4.24690  2.90347  2.73739  3.18146  2.89801  2.37887  2.77519  2.98518  4.58477  3.61503
          0.03063  3.89699  4.61933  0.61958  0.77255  0.48576  0.95510
     15   2.99420  4.95935  3.17185  2.78848  4.35138  3.48123  3.77231  3.78214  1.00524  3.34177  4.30172  3.21194  3.97969  2.96226  2.43567  3.03447  3.24555  3.48848  5.39582  4.21204     15 k - - -
          2.68618  4.42225  2.77519  2.73123  3.46354  2.40513  3.72494  3.29354  2.67741  2.69355  4.24690  2.90347  2.73739  3.18146  2.89801  2.37887  2.77519  2.98518  4.58477  3.61503
          0.03063  3.89699  4.61933  0.61958  0.77255  0.48576  0.95510
     16   2.32678  4.24762  3.22743  3.04411  4.10057  2.97703  4.15340  3.62640  3.11953  3.34466  4.26856  3.26512  3.71781  3.46689  3.40496  1.05470  2.80871  3.15614  5.47106  4.18417     16 s - - -
          2.68618  4.42225  2.77519  2.73123  3.46354  2.40513  3.72494  3.29354  2.67741  2.69355  4.24690  2.90347  2.73739  3.18146  2.89801  2.37887  2.77519  2.98518  4.58477  3.61503
          0.03063  3.89699  4.61933  0.61958  0.77255  0.48576  0.95510
     17   2.69508  4.46833  3.37390  3.27629  4.41860  0.69226  4.39527  4.02399  3.46092  3.67509  4.65087  3.53814  3.86026  3.78311  3.69447  2.86766  3.17822  3.54756  5.50748  4.52125     17 G - - -
          2.68618  4.42225  2.77519  2.73123  3.46354  2.40513  3.72494  3.29354  2.67741  2.69355  4.24690  2.90347  2.73739  3.18146  2.89801  2.37887  2.77519  2.98518  4.58477  3.61503
          0.03063  3.89699  4.61933  0.61958  0.77255  0.48576  0.95510
     18   2.99420  4.95935  3.17185  2.78848  4.35138  3.48123  3.77231  3.78214  1.00524  3.34177  4.30172  3.21194  3.97969  2.96226  2.43567  3.03447  3.24555  3.48848  5.39582  4.21204     18 k - - -
          2.68618  4.42225  2.77519  2.73123  3.46354  2.40513  3.72494  3.29354  2.67741  2.69355  4.24690  2.90347  2.73739  3.18146  2.89801  2.37887  2.77519  2.98518  4.58477  3.61503
          0.03063  3.89699  4.61933  0.61958  0.77255  0.48576  0.95510
     19   2.69508  4.46833  3.37390  3.27629  4.41860  0.69226  4.39527  4.02399  3.46092  3.67509  4.65087  3.53814  3.86026  3.78311  3.69447  2.86766  3.17822  3.54756  5.50748  4.52125     19 G - - -
          2.68618  4.42225  2.77519  2.73123  3.46354  2.40513  3.72494  3.29354  2.67741  2.69355  4.24690  2.90347  2.73739  3.18146  2.89801  2.37887  2.77519  2.98518  4.58477  3.61503
          0.03063  3.89699  4.61933  0.61958  0.77255  0.48576  0.95510
     20   3.28929  4.68380  4.27234  3.99133  0.97245  3.97365  3.88773  2.80978  3.89771  2.17410  3.53620  4.04669  4.43156  4.05888  4.01139  3.55807  3.59037  2.80230  4.12923  2.49305     20 f - - -
          2.68618  4.42225  2.77519  2.73123  3.46354  2.40513  3.72494  3.29354  2.67741  2.69355  4.24690  2.90347  2.73739  3.18146  2.89801  2.37887  2.77519  2.98518  4.58477  3.61503
          0.03063  3.89699  4.61933  0.61958  0.77255  0.48576  0.95510
     21   3.05014  4.46182  4.37082  3.98739  3.39052  4.09323  4.71083  1.04807  3.81601  1.97134  3.32186  4.22928  4.52192  4.16166  4.00976  3.59074  3.34880  1.84631  5.28655  4.02709     21 i - - -
          2.68618  4.42225  2.77519  2.73123  3.46354  2.40513  3.72494  3.29354  2.67741  2.69355  4.24690  2.90347  2.73739  3.18146  2.89801  2.37887  2.77519  2.98518  4.58477  3.61503
          0.03063  3.89699  4.61933  0.61958  0.77255  0.48576  0.95510
     22   3.05014  4.46182  4.37082  3.98739  3.39052  4.09323  4.71083  1.04807  3.81601  1.97134  3.32186  4.22928  4.52192  4.16166  4.00976  3.59074  3.34880  1.84631  5.28655  4.02709     22 i - - -
          2.68618  4.42225  2.77519  2.73123  3.46354  2.40513  3.72494  3.29354  2.67741  2.69355  4.24690  2.90347  2.73739  3.18146  2.89801  2.37887  2.77519  2.98518  4.58477  3.61503
          0.03063  3.89699  4.61933  0.61958  0.77255  0.48576  0.95510
     23   2.78353  4.53705  3.39331  3.23570  4.22917  3.22316  4.31132  3.78066  3.29506  3.40493  4.45568  3.54005  0.78329  3.68309  3.53800  2.95174  3.22698  3.42327  5.40921  4.35009     23 p - - -
          2.68618  4.42225  2.77519  2.73123  3.46354  2.40513  3.72494  3.29354  2.67741  2.69355  4.24690  2.90347  2.73739  3.18146  2.89801  2.37887  2.77519  2.98518  4.58477  3.61503
          0.03063  3.89699  4.61933  0.61958  0.77255  0.48576  0.95510
     24   2.32678  4.24762  3.22743  3.04411  4.10057  2.97703  4.15340  3.62640  3.11953  3.34466  4.26856  3.26512  3.71781  3.46689  3.40496  1.05470  2.80871  3.15614  5.47106  4.18417     24 s - - -
          2.68618  4.42225  2.77519  2.73123  3.46354  2.40513  3.72494  3.29354  2.67741  2.69355  4.24690  2.90347  2.73739  3.18146  2.89801  2.37887  2.77519  2.98518  4.58477  3.61503
          0.03063  3.89699  4.61933  0.61958  0.77255  0.48576  0.95510
     25   3.01564  5.14816  0.88353  2.34975  4.52839  3.22897  3.95221  4.12207  3.04090  3.72595  4.70440  2.90742  3.88347  3.19126  3.56060  2.97509  3.35466  3.75858  5.69226  4.39699     25 d - - -
          2.68618  4.42225  2.77519  2.73123  3.46354  2.40513  3.72494  3.29354  2.67741  2.69355  4.24690  2.90347  2.73739  3.18146  2.89801  2.37887  2.77519  2.98518  4.58477  3.61503
          0.03063  3.89699  4.61933  0.61958  0.77255  0.48576  0.95510
     26   2.69508  4.46833  3.37390  3.27629  4.41860  0.69226  4.39527  4.02399  3.46092  3.67509  4.65087  3.53814  3.86026  3.78311  3.69447  2.86766  3.17822  3.54756  5.50748  4.52125     26 G - - -
          2.68618  4.42225  2.77519  2.73123  3.46354  2.40513  3.72494  3.29354  2.67741  2.69355  4.24690  2.90347  2.73739  3.18146  2.89801  2.37887  2.77519  2.98518  4.58477  3.61503
          0.03063  3.89699  4.61933  0.61958  0.77255  0.48576  0.95510
     27   3.03276  4.87059  3.52588  3.03157  4.23137  3.51633  3.84150  3.77460  2.24652  3.28606  4.28540  3.38954  4.01754  3.06044  0.94160  3.11563  3.29693  3.49744  5.30436  4.15320     27 r - - -
          2.68618  4.42225  2.77519  2.73123  3.46354  2.40513  3.72494  3.29354  2.67741  2.69355  4.24690  2.90347  2.73739  3.18146  2.89801  2.37887  2.77519  2.98518  4.58477  3.61503
          0.03063  3.89699  4.61933  0.61958  0.77255  0.48576  0.95510
     28   2.99420  4.95935  3.17185  2.78848  4.35138  3.48123  3.77231  3.78214  1.00524  3.34177  4.30172  3.21194  3.97969  2.96226  2.43567  3.03447  3.24555  3.48848  5.39582  4.21204     28 k - - -
          2.68618  4.42225  2.77519  2.73123  3.46354  2.40513  3.72494  3.29354  2.67741  2.69355  4.24690  2.90347  2.73739  3.18146  2.89801  2.37887  2.77519  2.98518  4.58477  3.61503
          0.03063  3.89699  4.61933  0.61958  0.77255  0.48576  0.95510
     29   2.97301  5.08958  2.49741  0.99103  4.43882  3.28960  3.87826  3.89757  2.76184  3.51065  4.48338  2.94630  3.89528  3.09326  3.17338  2.95278  3.27736  3.57880  5.60576  4.32776     29 e - - -
          2.68618  4.42225  2.77519  2.73123  3.46354  2.40513  3.72494  3.29354  2.67741  2.69355  4.24690  2.90347  2.73739  3.18146  2.89801  2.37887  2.77519  2.98518  4.58477  3.61503
          0.03063  3.89699  4.61933  0.61958  0.77255  0.48576  0.95510
     30   2.82735  4.36296  4.15937  3.82307  3.56779  3.74940  4.62048  2.04854  3.69123  2.25043  3.52903  4.00902  4.30840  4.04917  3.90140  3.25431  3.18821  0.99455  5.35644  4.08966     30 v - - -
          2.68618  4.42225  2.77519  2.73123  3.46354  2.40513  3.72494  3.29354  2.67741  2.69355  4.24690  2.90347  2.73739  3.18146  2.89801  2.37887  2.77519  2.98518  4.58477  3.61503
          0.03063  3.89699  4.61933  0.61958  0.77255  0.48576  0.95510
     31   2.89982  4.88666  2.91873  2.67359  4.05852  3.38198  3.83220  3.69281  2.49263  3.19275  4.21968  3.13363  3.93564  1.19110  2.77643  2.94642  3.19665  3.42088  5.32608  4.02137     31 q - - -
          2.68618  4.42225  2.77519  2.73123  3.46354  2.40513  3.72494  3.29354  2.67741  2.69355  4.24690  2.90347  2.73739  3.18146  2.89801  2.37887  2.77519  2.98518  4.58477  3.61503
          0.03063  3.89699  4.61933  0.61958  0.77255  0.48576  0.95510
     32   2.82735  4.36296  4.15937  3.82307  3.56779  3.74940  4.62048  2.04854  3.69123  2.25043  3.52903  4.00902  4.30840  4.04917  3.90140  3.25431  3.18821  0.99455  5.35644  4.08966     32 v - - -
          2.68618  4.42225  2.77519  2.73123  3.46354  2.40513  3.72494  3.29354  2.67741  2.69355  4.24690  2.90347  2.73739  3.18146  2.89801  2.37887  2.77519  2.98518  4.58477  3.61503
          0.03063  3.89699  4.61933  0.61958  0.77255  0.48576  0.95510
     33   3.02127  4.83469  3.14923  2.91146  3.30156  3.46792  1.09183  3.72799  2.75383  3.21896  4.26367  3.31987  4.02170  3.27796  3.01816  3.09167  3.32539  3.46263  4.76632  3.25169     33 h - - -
          2.68618  4.42225  2.77519  2.73123  3.46354  2.40513  3.72494  3.29354  2.67741  2.69355  4.24690  2.90347  2.73739  3.18146  2.89801  2.37887  2.77519  2.98518  4.58477  3.61503
          0.03063  3.89699  4.61933  0.61958  0.77255  0.48576  0.95510
     34   3.05014  4.46182  4.37082  3.98739  3.39052  4.09323  4.71083  1.04807  3.81601  1.97134  3.32186  4.22928  4.52192  4.16166  4.00976  3.59074  3.34880  1.84631  5.28655  4.02709     34 i - - -
          2.68618  4.42225  2.77519  2.73123  3.46354  2.40513  3.72494  3.29354  2.67741  2.69355  4.24690  2.90347  2.73739  3.18146  2.89801  2.37887  2.77519  2.98518  4.58477  3.61503
          0.03063  3.89699  4.61933  0.61958  0.77255  0.48576  0.95510
     35   2.32678  4.24762  3.22743  3.04411  4.10057  2.97703  4.15340  3.62640  3.11953  3.34466  4.26856  3.26512  3.71781  3.46689  3.40496  1.05470  2.80871  3.15614  5.47106  4.18417     35 s - - -
          2.68618  4.42225  2.77519  2.73123  3.46354  2.40513  3.72494  3.29354  2.67741  2.69355  4.24690  2.90347  2.73739  3.18146  2.89801  2.37887  2.77519  2.98518  4.58477  3.61503
          0.03063  3.89699  4.61933  0.61958  0.77255  0.48576  0.95510
     36   0.97901  4.20400  3.48723  3.27942  4.07654  3.02793  4.29861  3.20570  3.29630  3.08620  4.11517  3.42292  3.76944  3.63518  3.54527  2.55400  2.83304  2.85586  5.50124  4.30417     36 a - - -
          2.68618  4.42225  2.77519  2.73123  3.46354  2.40513  3.72494  3.29354  2.67741  2.69355  4.24690  2.90347  2.73739  3.18146  2.89801  2.37887  2.77519  2.98518  4.58477  3.61503
          0.03063  3.89699  4.61933  0.61958  0.77255  0.48576  0.95510
     37   3.28929  4.68380  4.27234  3.99133  0.97245  3.97365  3.88773  2.80978  3.89771  2.17410  3.53620  4.04669  4.43156  4.05888  4.01139  3.55807  3.59037  2.80230  4.12923  2.49305     37 f - - -
          2.68618  4.42225  2.77519  2.73123  3.46354  2.40513  3.72494  3.29354  2.67741  2.69355  4.24690  2.90347  2.73739  3.18146  2.89801  2.37887  2.77519  2.98518  4.58477  3.61503
          0.03063  3.89699  4.61933  0.61958  0.77255  0.48576  0.95510
     38   2.42559  4.27078  3.44951  3.20242  3.99019  3.10930  4.21792  3.12030  3.14589  2.98292  4.03172  3.40802  3.81491  3.53944  3.40352  2.62711  1.13103  2.81266  5.42583  4.20676     38 t - - -
          2.68618  4.42225  2.77519  2.73123  3.46354  2.40513  3.72494  3.29354  2.67741  2.69355  4.24690  2.90347  2.73739  3.18146  2.89801  2.37887  2.77519  2.98518  4.58477  3.61503
          0.03063  3.89699  4.61933  0.61958  0.77255  0.48576  0.95510
     39   2.78353  4.53705  3.39331  3.23570  4.22917  3.22316  4.31132  3.78066  3.29506  3.40493  4.45568  3.54005  0.78329  3.68309  3.53800  2.95174  3.22698  3.42327  5.40921  4.35009     39 p - - -
          2.68618  4.42225  2.77519  2.73123  3.46354  2.40513  3.72494  3.29354  2.67741  2.69355  4.24690  2.90347  2.73739  3.18146  2.89801  2.37887  2.77519  2.98518  4.58477  3.61503
          0.03063  3.89699  4.61933  0.61958  0.77255  0.48576  0.95510
     40   3.03276  4.87059  3.52588  3.03157  4.23137  3.51633  3.84150  3.77460  2.24652  3.28606  4.28540  3.38954  4.01754  3.06044  0.94160  3.11563  3.29693  3.49744  5.30436  4.15320     40 r - - -
          2.68618  4.42225  2.77519  2.73123  3.46354  2.40513  3.72494  3.29354  2.67741  2.69355  4.24690  2.90347  2.73739  3.18146  2.89801  2.37887  2.77519  2.98518  4.58477  3.61503
          0.03063  3.89699  4.61933  0.61958  0.77255  0.48576  0.95510
     41   3.01564  5.14816  0.88353  2.34975  4.52839  3.22897  3.95221  4.12207  3.04090  3.72595  4.70440  2.90742  3.88347  3.19126  3.56060  2.97509  3.35466  3.75858  5.69226  4.39699     41 d - - -
          2.68618  4.42225  2.77519  2.73123  3.46354  2.40513  3.72494  3.29354  2.67741  2.69355  4.24690  2.90347  2.73739  3.18146  2.89801  2.37887  2.77519  2.98518  4.58477  3.61503
          0.03063  3.89699  4.61933  0.61958  0.77255  0.48576  0.95510
     42   0.97901  4.20400  3.48723  3.27942  4.07654  3.02793  4.29861  3.20570  3.29630  3.08620  4.11517  3.42292  3.76944  3.63518  3.54527  2.55400  2.83304  2.85586  5.50124  4.30417     42 a - - -
          2.68618  4.42225  2.77519  2.73123  3.46354  2.40513  3.72494  3.29354  2.67741  2.69355  4.24690  2.90347  2.73739  3.18146  2.89801  2.37887  2.77519  2.98518  4.58477  3.61503
          0.03063  3.89699  4.61933  0.61958  0.77255  0.48576  0.95510
     43   2.97301  5.08958  2.49741  0.99103  4.43882  3.28960  3.87826  3.89757  2.76184  3.51065  4.48338  2.94630  3.89528  3.09326  3.17338  2.95278  3.27736  3.57880  5.60576  4.32776     43 e - - -
          2.68618  4.42225  2.77519  2.73123  3.46354  2.40513  3.72494  3.29354  2.67741  2.69355  4.24690  2.90347  2.73739  3.18146  2.89801  2.37887  2.77519  2.98518  4.58477  3.61503
          0.03063  3.89699  4.61933  0.61958  0.77255  0.48576  0.95510
     44   2.82735  4.36296  4.15937  3.82307  3.56779  3.74940  4.62048  2.04854  3.69123  2.25043  3.52903  4.00902  4.30840  4.04917  3.90140  3.25431  3.18821  0.99455  5.35644  4.08966     44 v - - -
          2.68618  4.42225  2.77519  2.73123  3.46354  2.40513  3.72494  3.29354  2.67741  2.69355  4.24690  2.90347  2.73739  3.18146  2.89801  2.37887  2.77519  2.98518  4.58477  3.61503
          0.03063  3.89699  4.61933  0.61958  0.77255  0.48576  0.95510
     45   3.18257  4.63746  4.22891  3.86867  3.14475  4.01340  4.51670  2.34991  3.63618  0.84560  3.15969  4.14178  4.44441  3.99865  3.80832  3.58682  3.47563  2.39365  5.03313  3.76218     45 l - - -
          2.68618  4.42225  2.77519  2.73123  3.46354  2.40513  3.72494  3.29354  2.67741  2.69355  4.24690  2.90347  2.73739  3.18146  2.89801  2.37887  2.77519  2.98518  4.58477  3.61503
          0.03063  3.89699  4.61933  0.61958  0.77255  0.48576  0.95510
     46   3.05014  4.46182  4.37082  3.98739  3.39052  4.09323  4.71083  1.04807  3.81601  1.97134  3.32186  4.22928  4.52192  4.16166  4.00976  3.59074  3.34880  1.84631  5.28655  4.02709     46 i - - -
          2.68618  4.42225  2.77519  2.73123  3.46354  2.40513  3.72494  3.29354  2.67741  2.69355  4.24690  2.90347  2.73739  3.18146  2.89801  2.37887  2.77519  2.98518  4.58477  3.61503
          0.03063  3.89699  4.61933  0.61958  0.77255  0.48576  0.95510
     47   2.78353  4.53705  3.39331  3.23570  4.22917  3.22316  4.31132  3.78066  3.29506  3.40493  4.45568  3.54005  0.78329  3.68309  3.53800  2.95174  3.22698  3.42327  5.40921  4.35009     47 p - - -
          2.68618  4.42225  2.77519  2.73123  3.46354  2.40513  3.72494  3.29354  2.67741  2.69355  4.24690  2.90347  2.73739  3.18146  2.89801  2.37887  2.77519  2.98518  4.58477  3.61503
          0.03063  3.89699  4.61933  0.61958  0.77255  0.48576  0.95510
     48   2.53343  4.42607  3.13567  2.96568  4.27278  1.02491  4.13546  3.81287  3.04299  3.46044  4.37508  3.28166  3.79295  3.43037  3.05367  2.68035  2.98164  3.35574  5.49134  4.32741     48 g - - -
          2.68618  4.42225  2.77519  2.73123  3.46354  2.40513  3.72494  3.29354  2.67741  2.69355  4.24690  2.90347  2.73739  3.18146  2.89801  2.37887  2.77519  2.98518  4.58477  3.61503
          0.03063  3.89699  4.61933  0.61958  0.77255  0.48576  0.95510
     49   3.18257  4.63746  4.22891  3.86867  3.14475  4.01340  4.51670  2.34991  3.63618  0.84560  3.15969  4.14178  4.44441  3.99865  3.80832  3.58682  3.47563  2.39365  5.03313  3.76218     49 l - - -
          2.68618  4.42225  2.77519  2.73123  3.46354  2.40513  3.72494  3.29354  2.67741  2.69355  4.24690  2.90347  2.73739  3.18146  2.89801  2.37887  2.77519  2.98518  4.58477  3.61503
          0.03063  3.89699  4.61933  0.61958  0.77255  0.48576  0.95510
     50   3.03276  4.87059  3.52588  3.03157  4.23137  3.51633  3.84150  3.77460  2.24652  3.28606  4.28540  3.38954  4.01754  3.06044  0.94160  3.11563  3.29693  3.49744  5.30436  4.15320     50 r - - -
          2.68618  4.42225  2.77519  2.73123  3.46354  2.40513  3.72494  3.29354  2.67741  2.69355  4.24690  2.90347  2.73739  3.18146  2.89801  2.37887  2.77519  2.98518  4.58477  3.61503
          0.03063  3.89699  4.61933  0.61958  0.77255  0.48576  0.95510
     51   2.82735  4.36296  4.15937  3.82307  3.56779  3.74940  4.62048  2.04854  3.69123  2.25043  3.52903  4.00902  4.30840  4.04917  3.90140  3.25431  3.18821  0.99455  5.35644  4.08966     51 v - - -
          2.68618  4.42225  2.77519  2.73123  3.46354  2.40513  3.72494  3.29354  2.67741  2.69355  4.24690  2.90347  2.73739  3.18146  2.89801  2.37887  2.77519  2.98518  4.58477  3.61503
          0.03063  3.89699  4.61933  0.61958  0.77255  0.48576  0.95510
     52   2.97301  5.08958  2.49741  0.99103  4.43882  3.28960  3.87826  3.89757  2.76184  3.51065  4.48338  2.94630  3.89528  3.09326  3.17338  2.95278  3.27736  3.57880  5.60576  4.32776     52 e - - -
          2.68618  4.42225  2.77519  2.73123  3.46354  2.40513  3.72494  3.29354  2.67741  2.69355  4.24690  2.90347  2.73739  3.18146  2.89801  2.37887  2.77519  2.98518  4.58477  3.61503
          0.03063  3.89699  4.61933  0.61958  0.77255  0.48576  0.95510
     53   3.28929  4.68380  4.27234  3.99133  0.97245  3.97365  3.88773  2.80978  3.89771  2.17410  3.53620  4.04669  4.43156  4.05888  4.01139  3.55807  3.59037  2.80230  4.12923  2.49305     53 f - - -
          2.68618  4.42225  2.77519  2.73123  3.46354  2.40513  3.72494  3.29354  2.67741  2.69355  4.24690  2.90347  2.73739  3.18146  2.89801  2.37887  2.77519  2.98518  4.58477  3.61503
          0.03063  3.89699  4.61933  0.61958  0.77255  0.48576  0.95510
     54   2.61372  0.89205  4.13873  3.88379  3.86929  3.23169  4.52546  3.01707  3.71080  2.93155  4.05355  3.86423  3.94059  4.05587  3.83090  2.88545  3.08251  2.76005  5.28048  4.15686     54 c - - -
          2.68618  4.42225  2.77519  2.73123  3.46354  2.40513  3.72494  3.29354  2.67741  2.69355  4.24690  2.90347  2.73739  3.18146  2.89801  2.37887  2.77519  2.98518  4.58477  3.61503
          0.03063  3.89699  4.61933  0.61958  0.77255  0.48576  0.95510
     55   3.03276  4.87059  3.52588  3.03157  4.23137  3.51633  3.84150  3.77460  2.24652  3.28606  4.28540  3.38954  4.01754  3.06044  0.94160  3.11563  3.29693  3.49744  5.30436  4.15320     55 r - - -
          2.68618  4.42225  2.77519  2.73123  3.46354  2.40513  3.72494  3.29354  2.67741  2.69355  4.24690  2.90347  2.73739  3.18146  2.89801  2.37887  2.77519  2.98518  4.58477  3.61503
          0.03063  3.89699  4.61933  0.61958  0.77255  0.48576  0.95510
     56   2.82735  4.36296  4.15937  3.82307  3.56779  3.74940  4.62048  2.04854  3.69123  2.25043  3.52903  4.00902  4.30840  4.04917  3.90140  3.25431  3.18821  0.99455  5.35644  4.08966     56 v - - -
          2.68618  4.42225  2.77519  2.73123  3.46354  2.40513  3.72494  3.29354  2.67741  2.69355  4.24690  2.90347  2.73739  3.18146  2.89801  2.37887  2.77519  2.98518  4.58477  3.61503
          0.03063  3.89699  4.61933  0.61958  0.77255  0.48576  0.95510
     57   2.74344  4.74114  2.72137  2.60921  4.10847  3.20016  3.94029  3.82392  2.84592  3.46795  4.42290  1.11539  3.85313  3.21292  3.20155  2.80959  3.12601  3.44366  5.41154  4.05491     57 n - - -
          2.68618  4.42225  2.77519  2.73123  3.46354  2.40513  3.72494  3.29354  2.67741  2.69355  4.24690  2.90347  2.73739  3.18146  2.89801  2.37887  2.77519  2.98518  4.58477  3.61503
          0.03063  3.89699  4.61933  0.61958  0.77255  0.48576  0.95510
     58   2.69508  4.46833  3.37390  3.27629  4.41860  0.69226  4.39527  4.02399  3.46092  3.67509  4.65087  3.53814  3.86026  3.78311  3.69447  2.86766  3.17822  3.54756  5.50748  4.52125     58 G - - -
          2.68618  4.42225  2.77519  2.73123  3.46354  2.40513  3.72494  3.29354  2.67741  2.69355  4.24690  2.90347  2.73739  3.18146  2.89801  2.37887  2.77519  2.98518  4.58477  3.61503
          0.03063  3.89699  4.61933  0.61958  0.77255  0.48576  0.95510
     59   3.18257  4.63746  4.22891  3.86867  3.14475  4.01340  4.51670  2.34991  3.63618  0.84560  3.15969  4.14178  4.44441  3.99865  3.80832  3.58682  3.47563  2.39365  5.03313  3.76218     59 l - - -
          2.68618  4.42225  2.77519  2.73123  3.46354  2.40513  3.72494  3.29354  2.67741  2.69355  4.24690  2.90347  2.73739  3.18146  2.89801  2.37887  2.77519  2.98518  4.58477  3.61503
          0.03063  3.89699  4.61933  0.61958  0.77255  0.48576  0.95510
     60   3.03276  4.87059  3.52588  3.03157  4.23137  3.51633  3.84150  3.77460  2.24652  3.28606  4.28540  3.38954  4.01754  3.06044  0.94160  3.11563  3.29693  3.49744  5.30436  4.15320     60 r - - -
          2.68618  4.42225  2.77519  2.73123  3.46354  2.40513  3.72494  3.29354  2.67741  2.69355  4.24690  2.90347  2.73739  3.18146  2.89801  2.37887  2.77519  2.98518  4.58477  3.61503
          0.03063  3.89699  4.61933  0.61958  0.77255  0.48576  0.95510
     61   2.69508  4.46833  3.37390  3.27629  4.41860  0.69226  4.39527  4.02399  3.46092  3.67509  4.65087  3.53814  3.86026  3.78311  3.69447  2.86766  3.17822  3.54756  5.50748  4.52125     61 G - - -
          2.68618  4.42225  2.77519  2.73123  3.46354  2.40513  3.72494  3.29354  2.67741  2.69355  4.24690  2.90347  2.73739  3.18146  2.89801  2.37887  2.77519  2.98518  4.58477  3.61503
          0.03063  3.89699  4.61933  0.61958  0.77255  0.48576  0.95510
     62   2.78353  4.53705  3.39331  3.23570  4.22917  3.22316  4.31132  3.78066  3.29506  3.40493  4.45568  3.54005  0.78329  3.68309  3.53800  2.95174  3.22698  3.42327  5.40921  4.35009     62 p - - -
          2.68618  4.42225  2.77519  2.73123  3.46354  2.40513  3.72494  3.29354  2.67741  2.69355  4.24690  2.90347  2.73739  3.18146  2.89801  2.37887  2.77519  2.98518  4.58477  3.61503
          0.03063  3.89699  4.61933  0.61958  0.77255  0.48576  0.95510
     63   2.42559  4.27078  3.44951  3.20242  3.99019  3.10930  4.21792  3.12030  3.14589  2.98292  4.03172  3.40802  3.81491  3.53944  3.40352  2.62711  1.13103  2.81266  5.42583  4.20676     63 t - - -
          2.68618  4.42225  2.77519  2.73123  3.46354  2.40513  3.72494  3.29354  2.67741  2.69355  4.24690  2.90347  2.73739  3.18146  2.89801  2.37887  2.77519  2.98518  4.58477  3.61503
          0.03063  3.89699  4.61933  0.61958  0.77255  0.48576  0.95510
     64   0.97901  4.20400  3.48723  3.27942  4.07654  3.02793  4.29861  3.20570  3.29630  3.08620  4.11517  3.42292  3.76944  3.63518  3.54527  2.55400  2.83304  2.85586  5.50124  4.30417     64 a - - -
          2.68618  4.42225  2.77519  2.73123  3.46354  2.40513  3.72494  3.29354  2.67741  2.69355  4.24690  2.90347  2.73739  3.18146  2.89801  2.37887  2.77519  2.98518  4.58477  3.61503
          0.03063  3.89699  4.61933  0.61958  0.77255  0.48576  0.95510
     65   0.97901  4.20400  3.48723  3.27942  4.07654  3.02793  4.29861  3.20570  3.29630  3.08620  4.11517  3.42292  3.76944  3.63518  3.54527  2.55400  2.83304  2.85586  5.50124  4.30417     65 a - - -
          2.68618  4.42225  2.77519  2.73123  3.46354  2.40513  3.72494  3.29354  2.67741  2.69355  4.24690  2.90347  2.73739  3.18146  2.89801  2.37887  2.77519  2.98518  4.58477  3.61503
          0.03063  3.89699  4.61933  0.61958  0.77255  0.48576  0.95510
     66   2.74344  4.74114  2.72137  2.60921  4.10847  3.20016  3.94029  3.82392  2.84592  3.46795  4.42290  1.11539  3.85313  3.21292  3.20155  2.80959  3.12601  3.44366  5.41154  4.05491     66 n - - -
          2.68618  4.42225  2.77519  2.73123  3.46354  2.40513  3.72494  3.29354  2.67741  2.69355  4.24690  2.90347  2.73739  3.18146  2.89801  2.37887  2.77519  2.98518  4.58477  3.61503
          0.03063  3.89699  4.61933  0.61958  0.77255  0.48576  0.95510
     67   2.82735  4.36296  4.15937  3.82307  3.56779  3.74940  4.62048  2.04854  3.69123  2.25043  3.52903  4.00902  4.30840  4.04917  3.90140  3.25431  3.18821  0.99455  5.35644  4.08966     67 v - - -
          2.68618  4.42225  2.77519  2.73123  3.46354  2.40513  3.72494  3.29354  2.67741  2.69355  4.24690  2.90347  2.73739  3.18146  2.89801  2.37887  2.77519  2.98518  4.58477  3.61503
          0.03063  3.89699  4.61933  0.61958  0.77255  0.48576  0.95510
     68   3.28220  4.76127  3.87427  3.60808  2.29358  3.85856  3.62956  3.28796  3.46488  2.73562  3.96041  3.75342  4.33175  3.76505  3.64365  3.41653  3.56895  3.15965  3.93834  0.92598     68 y - - -
          2.68618  4.42225  2.77519  2.73123  3.46354  2.40513  3.72494  3.29354  2.67741  2.69355  4.24690  2.90347  2.73739  3.18146  2.89801  2.37887  2.77519  2.98518  4.58477  3.61503
          0.03063  3.89699  4.61933  0.61958  0.77255  0.48576  0.95510
     69   3.18257  4.63746  4.22891  3.86867  3.14475  4.01340  4.51670  2.34991  3.63618  0.84560  3.15969  4.14178  4.44441  3.99865  3.80832  3.58682  3.47563  2.39365  5.03313  3.76218     69 l - - -
          2.68618  4.42225  2.77519  2.73123  3.46354  2.40513  3.72494  3.29354  2.67741  2.69355  4.24690  2.90347  2.73739  3.18146  2.89801  2.37887  2.77519  2.98518  4.58477  3.61503
          0.03063  3.89699  4.61933  0.61958  0.77255  0.48576  0.95510
     70   2.32678  4.24762  3.22743  3.04411  4.10057  2.97703  4.15340  3.62640  3.11953  3.34466  4.26856  3.26512  3.71781  3.46689  3.40496  1.05470  2.80871  3.15614  5.47106  4.18417     70 s - - -
          2.68618  4.42225  2.77519  2.73123  3.46354  2.40513  3.72494  3.29354  2.67741  2.69355  4.24690  2.90347  2.73739  3.18146  2.89801  2.37887  2.77519  2.98518  4.58477  3.61503
          0.02072  3.88708        *  0.61958  0.77255  0.00000        *
//