HMMER3/f [3.1b2 | February 2015]
NAME  hip
ACC   TIGR00988.1
DESC  JCVI: integration host factor subunit beta
LENG  94
ALPH  amino
RF    no
MM    no
CONS  yes
CS    no
MAP   yes
DATE  Fri Nov  2 17:53:15 2018
NSEQ  3
EFFN  0.565430
CKSUM 955575218
GA    119.95 119.95
TC    119.95 119.95
NC    89.35 89.35
STATS LOCAL MSV       -9.1723  0.71844
STATS LOCAL VITERBI  -10.0819  0.71844
STATS LOCAL FORWARD   -3.9293  0.71844
HMM          A        C        D        E        F        G        H        I        K        L        M        N        P        Q        R        S        T        V        W        Y
            m->m     m->i     m->d     i->m     i->i     d->m     d->d
  COMPO   2.59262  4.62902  2.97293  2.56406  3.30232  2.70356  3.73250  2.80400  2.56660  2.50355  3.63568  3.11209  3.38453  3.16875  2.62612  2.73635  2.89221  2.62705  5.18408  3.76902
          2.68618  4.42225  2.77519  2.73123  3.46354  2.40513  3.72494  3.29354  2.67741  2.69355  4.24690  2.90347  2.73739  3.18146  2.89801  2.37887  2.77519  2.98518  4.58477  3.61503
          0.02993  3.91964  4.64199  0.61958  0.77255  0.00000        *
      1   3.00634  4.54769  4.10001  3.69699  3.22846  3.86924  4.42121  2.40877  3.46250  1.81602  1.29041  3.96867  4.33009  3.84126  3.66229  3.36038  3.31255  2.42036  5.07559  3.84153      1 m - - -
          2.68618  4.42225  2.77519  2.73123  3.46354  2.40513  3.72494  3.29354  2.67741  2.69355  4.24690  2.90347  2.73739  3.18146  2.89801  2.37887  2.77519  2.98518  4.58477  3.61503
          0.02993  3.91964  4.64199  0.61958  0.77255  0.48576  0.95510
      2   2.65167  4.29361  3.81698  3.34960  3.54376  3.60579  4.22953  1.79724  3.22693  2.31617  3.45688  3.63884  4.11057  3.57843  3.50875  2.97732  1.88285  2.08557  5.19340  3.95990      2 i - - -
          2.68618  4.42225  2.77519  2.73123  3.46354  2.40513  3.72494  3.29354  2.67741  2.69355  4.24690  2.90347  2.73739  3.18146  2.89801  2.37887  2.77519  2.98518  4.58477  3.61503
          0.02993  3.91964  4.64199  0.61958  0.77255  0.48576  0.95510
      3   2.99706  5.09993  3.38704  2.75063  4.53386  3.61460  3.58835  3.89031  1.35310  3.35028  4.22444  3.15735  3.99328  2.72746  1.67576  2.99852  3.17167  3.57549  5.40614  4.22934      3 k - - -
          2.68618  4.42225  2.77519  2.73123  3.46354  2.40513  3.72494  3.29354  2.67741  2.69355  4.24690  2.90347  2.73739  3.18146  2.89801  2.37887  2.77519  2.98518  4.58477  3.61503
          0.02993  3.91964  4.64199  0.61958  0.77255  0.48576  0.95510
      4   2.33817  4.25926  3.24735  3.06515  4.12322  2.98827  4.17378  3.65214  3.14210  3.36868  4.29074  3.28250  3.73093  3.48771  3.42678  1.02212  2.82180  3.17693  5.49192  4.20696      4 s - - -
          2.68618  4.42225  2.77519  2.73123  3.46354  2.40513  3.72494  3.29354  2.67741  2.69355  4.24690  2.90347  2.73739  3.18146  2.89801  2.37887  2.77519  2.98518  4.58477  3.61503
          0.02993  3.91964  4.64199  0.61958  0.77255  0.48576  0.95510
      5   2.99272  5.11368  2.50735  0.96016  4.46579  3.30437  3.89508  3.92904  2.78152  3.53853  4.51034  2.95953  3.91114  3.10966  3.19536  2.97024  3.29727  3.60797  5.62848  4.35058      5 e - - -
          2.68618  4.42225  2.77519  2.73123  3.46354  2.40513  3.72494  3.29354  2.67741  2.69355  4.24690  2.90347  2.73739  3.18146  2.89801  2.37887  2.77519  2.98518  4.58477  3.61503
          0.02993  3.91964  4.64199  0.61958  0.77255  0.48576  0.95510
      6   3.20808  4.65629  4.26522  3.90517  3.15361  4.04207  4.54609  2.36011  3.67245  0.81925  3.16162  4.17608  4.46924  4.02950  3.84085  3.61825  3.50014  2.40971  5.05013  3.78438      6 l - - -
          2.68618  4.42225  2.77519  2.73123  3.46354  2.40513  3.72494  3.29354  2.67741  2.69355  4.24690  2.90347  2.73739  3.18146  2.89801  2.37887  2.77519  2.98518  4.58477  3.61503
          0.02993  3.91964  4.64199  0.61958  0.77255  0.48576  0.95510
      7   3.06780  4.47331  4.40276  4.02026  3.40593  4.11747  4.73957  1.02137  3.84931  1.98224  3.33386  4.25898  4.54407  4.19269  4.04048  3.61725  3.36609  1.84757  5.30658  4.04900      7 i - - -
          2.68618  4.42225  2.77519  2.73123  3.46354  2.40513  3.72494  3.29354  2.67741  2.69355  4.24690  2.90347  2.73739  3.18146  2.89801  2.37887  2.77519  2.98518  4.58477  3.61503
          0.02993  3.91964  4.64199  0.61958  0.77255  0.48576  0.95510
      8   2.02128  4.83852  2.57198  1.61461  4.27993  3.24215  3.76046  3.59234  2.61338  3.27972  4.16196  2.88248  3.80970  2.94119  3.05079  2.69801  2.97954  3.25251  5.54823  4.19908      8 e - - -
          2.68618  4.42225  2.77519  2.73123  3.46354  2.40513  3.72494  3.29354  2.67741  2.69355  4.24690  2.90347  2.73739  3.18146  2.89801  2.37887  2.77519  2.98518  4.58477  3.61503
          0.02993  3.91964  4.64199  0.61958  0.77255  0.48576  0.95510
      9   3.00698  5.09469  3.41567  2.76966  4.52893  3.62281  3.59039  3.88331  1.52387  3.34468  4.22238  3.17007  4.00026  2.73093  1.46115  3.01147  3.18003  3.57216  5.40031  4.22892      9 r - - -
          2.68618  4.42225  2.77519  2.73123  3.46354  2.40513  3.72494  3.29354  2.67741  2.69355  4.24690  2.90347  2.73739  3.18146  2.89801  2.37887  2.77519  2.98518  4.58477  3.61503
          0.02993  3.91964  4.64199  0.61958  0.77255  0.48576  0.95510
     10   3.14478  4.49258  4.64514  4.13253  3.23661  4.39502  4.78066  1.31540  3.95875  1.43324  3.08558  4.39652  4.66491  4.21276  4.14147  3.76963  3.39274  1.85535  5.23779  4.04376     10 i - - -
          2.68618  4.42225  2.77519  2.73123  3.46354  2.40513  3.72494  3.29354  2.67741  2.69355  4.24690  2.90347  2.73739  3.18146  2.89801  2.37887  2.77519  2.98518  4.58477  3.61503
          0.02993  3.91964  4.64199  0.61958  0.77255  0.48576  0.95510
     11   1.49062  4.18317  3.74957  3.36059  3.78355  3.25062  4.27704  2.53467  3.29085  2.63161  3.70559  3.53156  3.90568  3.61161  3.56617  2.67772  2.83047  1.83378  5.36188  4.13665     11 a - - -
          2.68618  4.42225  2.77519  2.73123  3.46354  2.40513  3.72494  3.29354  2.67741  2.69355  4.24690  2.90347  2.73739  3.18146  2.89801  2.37887  2.77519  2.98518  4.58477  3.61503
          0.02993  3.91964  4.64199  0.61958  0.77255  0.48576  0.95510
     12   2.63925  4.74103  2.70806  1.91940  4.15867  3.27223  3.75907  3.45376  2.57863  3.15891  4.04657  2.94230  3.81812  2.94727  2.98519  2.69298  1.87862  3.13428  5.44840  4.12648     12 t - - -
          2.68618  4.42225  2.77519  2.73123  3.46354  2.40513  3.72494  3.29354  2.67741  2.69355  4.24690  2.90347  2.73739  3.18146  2.89801  2.37887  2.77519  2.98518  4.58477  3.61503
          0.02993  3.91964  4.64199  0.61958  0.77255  0.48576  0.95510
     13   2.75019  5.09214  2.61405  1.89509  4.34697  3.34824  2.69397  3.83354  2.31792  3.35605  4.17684  2.83563  3.81912  2.24543  2.71977  2.71681  2.98553  3.47018  5.49647  4.12580     13 e - - -
          2.68618  4.42225  2.77519  2.73123  3.46354  2.40513  3.72494  3.29354  2.67741  2.69355  4.24690  2.90347  2.73739  3.18146  2.89801  2.37887  2.77519  2.98518  4.58477  3.61503
          0.02993  3.91964  4.64199  0.61958  0.77255  0.48576  0.95510
     14   2.76859  5.01372  2.59735  2.35582  4.30157  3.31013  3.67848  3.84397  2.39163  3.38449  4.24179  2.13856  3.83820  1.83292  2.76424  2.75608  3.03901  3.48049  5.49668  4.12338     14 q - - -
          2.68618  4.42225  2.77519  2.73123  3.46354  2.40513  3.72494  3.29354  2.67741  2.69355  4.24690  2.90347  2.73739  3.18146  2.89801  2.37887  2.77519  2.98518  4.58477  3.61503
          0.02993  3.91964  4.64199  0.61958  0.77255  0.48576  0.95510
     15   2.28056  4.28276  3.08424  2.79188  4.25127  2.18658  3.98957  3.69241  2.91140  3.33619  4.15598  3.10752  2.29082  3.21379  3.28978  1.87566  2.72100  3.18558  5.55612  4.29416     15 s - - -
          2.68618  4.42225  2.77519  2.73123  3.46354  2.40513  3.72494  3.29354  2.67741  2.69355  4.24690  2.90347  2.73739  3.18146  2.89801  2.37887  2.77519  2.98518  4.58477  3.61503
          0.02993  3.91964  4.64199  0.61958  0.77255  0.48576  0.95510
     16   2.82540  4.95549  2.85546  2.50914  3.83978  3.43627  1.97960  3.68661  2.29416  3.20955  4.10400  2.99452  3.90292  2.23629  2.60859  2.83499  3.06267  3.37809  5.15669  3.72469     16 h - - -
          2.68618  4.42225  2.77519  2.73123  3.46354  2.40513  3.72494  3.29354  2.67741  2.69355  4.24690  2.90347  2.73739  3.18146  2.89801  2.37887  2.77519  2.98518  4.58477  3.61503
          0.02993  3.91964  4.64199  0.61958  0.77255  0.48576  0.95510
     17   3.18554  4.54575  4.63729  4.11559  3.14312  4.40329  4.74624  1.65106  3.93626  1.11360  2.98608  4.39129  4.65458  4.16728  4.11047  3.77209  3.42711  2.00622  5.17146  4.00180     17 l - - -
          2.68618  4.42225  2.77519  2.73123  3.46354  2.40513  3.72494  3.29354  2.67741  2.69355  4.24690  2.90347  2.73739  3.18146  2.89801  2.37887  2.77519  2.98518  4.58477  3.61503
          0.02993  3.91964  4.64199  0.61958  0.77255  0.48576  0.95510
     18   2.47501  4.29634  3.33527  2.87238  2.47246  3.32599  3.82686  2.98300  2.85494  2.67354  3.59220  3.23244  2.71989  3.16928  3.20634  2.18526  2.78957  2.71814  4.91573  3.57174     18 s - - -
          2.68618  4.42225  2.77519  2.73123  3.46354  2.40513  3.72494  3.29354  2.67741  2.69355  4.24690  2.90347  2.73739  3.18146  2.89801  2.37887  2.77519  2.98518  4.58477  3.61503
          0.02993  3.91964  4.64199  0.61958  0.77255  0.48576  0.95510
     19   1.69980  4.57208  2.94213  2.61484  4.06046  3.23943  3.80381  3.42493  2.57605  3.07900  3.98489  3.04836  3.80639  2.18720  2.92869  2.64594  2.88408  3.09386  5.37615  4.07965     19 a - - -
          2.68618  4.42225  2.77519  2.73123  3.46354  2.40513  3.72494  3.29354  2.67741  2.69355  4.24690  2.90347  2.73739  3.18146  2.89801  2.37887  2.77519  2.98518  4.58477  3.61503
          0.02993  3.91964  4.64199  0.61958  0.77255  0.48576  0.95510
     20   2.99706  5.09993  3.38704  2.75063  4.53386  3.61460  3.58835  3.89031  1.35310  3.35028  4.22444  3.15735  3.99328  2.72746  1.67576  2.99852  3.17167  3.57549  5.40614  4.22934     20 k - - -
          2.68618  4.42225  2.77519  2.73123  3.46354  2.40513  3.72494  3.29354  2.67741  2.69355  4.24690  2.90347  2.73739  3.18146  2.89801  2.37887  2.77519  2.98518  4.58477  3.61503
          0.02993  3.91964  4.64199  0.61958  0.77255  0.48576  0.95510
     21   2.67988  4.90810  1.56757  2.29112  4.37408  3.19366  3.77563  3.73859  2.71616  3.40948  4.28137  2.82274  3.79133  2.95596  3.21726  2.68546  2.23997  3.36732  5.64499  4.25281     21 d - - -
          2.68618  4.42225  2.77519  2.73123  3.46354  2.40513  3.72494  3.29354  2.67741  2.69355  4.24690  2.90347  2.73739  3.18146  2.89801  2.37887  2.77519  2.98518  4.58477  3.61503
          0.02993  3.91964  4.64199  0.61958  0.77255  0.48576  0.95510
     22   2.84525  4.37467  4.19062  3.85509  3.58449  3.77270  4.64863  2.04796  3.72359  2.26326  3.54237  4.03738  4.33050  4.07994  3.93156  3.27910  3.20559  0.96749  5.37693  4.11153     22 v - - -
          2.68618  4.42225  2.77519  2.73123  3.46354  2.40513  3.72494  3.29354  2.67741  2.69355  4.24690  2.90347  2.73739  3.18146  2.89801  2.37887  2.77519  2.98518  4.58477  3.61503
          0.02993  3.91964  4.64199  0.61958  0.77255  0.48576  0.95510
     23   2.99272  5.11368  2.50735  0.96016  4.46579  3.30437  3.89508  3.92904  2.78152  3.53853  4.51034  2.95953  3.91114  3.10966  3.19536  2.97024  3.29727  3.60797  5.62848  4.35058     23 e - - -
          2.68618  4.42225  2.77519  2.73123  3.46354  2.40513  3.72494  3.29354  2.67741  2.69355  4.24690  2.90347  2.73739  3.18146  2.89801  2.37887  2.77519  2.98518  4.58477  3.61503
          0.02993  3.91964  4.64199  0.61958  0.77255  0.48576  0.95510
     24   2.65850  4.87833  2.29715  2.36576  4.11304  3.36404  3.62734  3.50835  2.00316  2.53038  3.96956  2.89087  3.80933  2.78458  2.82180  2.67210  2.89842  3.19183  5.36253  4.01400     24 k - - -
          2.68618  4.42225  2.77519  2.73123  3.46354  2.40513  3.72494  3.29354  2.67741  2.69355  4.24690  2.90347  2.73739  3.18146  2.89801  2.37887  2.77519  2.98518  4.58477  3.61503
          0.02993  3.91964  4.64199  0.61958  0.77255  0.48576  0.95510
     25   1.72127  4.26949  3.83185  3.38754  3.57999  3.54944  4.27147  1.78429  3.29389  2.35266  3.49199  3.64852  4.08898  3.62544  3.57360  2.93745  2.95545  2.08435  5.23313  4.00121     25 a - - -
          2.68618  4.42225  2.77519  2.73123  3.46354  2.40513  3.72494  3.29354  2.67741  2.69355  4.24690  2.90347  2.73739  3.18146  2.89801  2.37887  2.77519  2.98518  4.58477  3.61503
          0.02993  3.91964  4.64199  0.61958  0.77255  0.48576  0.95510
     26   3.01531  4.37649  4.60612  4.11379  3.50347  4.28517  4.85634  1.48839  3.99196  2.03112  3.33022  4.35122  4.63283  4.27677  4.20910  3.66953  3.28931  1.15174  5.43786  4.22126     26 v - - -
          2.68618  4.42225  2.77519  2.73123  3.46354  2.40513  3.72494  3.29354  2.67741  2.69355  4.24690  2.90347  2.73739  3.18146  2.89801  2.37887  2.77519  2.98518  4.58477  3.61503
          0.02993  3.91964  4.64199  0.61958  0.77255  0.48576  0.95510
     27   2.81002  5.03099  2.77189  2.44536  4.40165  3.38249  3.64827  3.85104  1.56170  3.38231  4.23258  2.17577  3.87067  2.80285  2.52964  2.80116  3.05682  3.49449  5.48934  4.18063     27 k - - -
          2.68618  4.42225  2.77519  2.73123  3.46354  2.40513  3.72494  3.29354  2.67741  2.69355  4.24690  2.90347  2.73739  3.18146  2.89801  2.37887  2.77519  2.98518  4.58477  3.61503
          0.02993  3.91964  4.64199  0.61958  0.77255  0.48576  0.95510
     28   2.62979  4.71060  2.73542  1.99443  4.13627  3.27077  3.77051  3.42293  2.59047  3.13777  4.02992  2.95959  3.81997  2.96342  2.99022  2.69236  1.81147  3.10664  5.43467  4.11925     28 t - - -
          2.68618  4.42225  2.77519  2.73123  3.46354  2.40513  3.72494  3.29354  2.67741  2.69355  4.24690  2.90347  2.73739  3.18146  2.89801  2.37887  2.77519  2.98518  4.58477  3.61503
          0.02993  3.91964  4.64199  0.61958  0.77255  0.48576  0.95510
     29   3.06638  4.46862  4.48912  3.94943  3.16532  4.24625  4.60690  1.65428  3.78536  1.62838  1.86915  4.22568  4.53219  4.02518  3.97559  3.59193  3.30941  2.04232  5.12340  3.97653     29 l - - -
          2.68618  4.42225  2.77519  2.73123  3.46354  2.40513  3.72494  3.29354  2.67741  2.69355  4.24690  2.90347  2.73739  3.18146  2.89801  2.37887  2.77519  2.98518  4.58477  3.61503
          0.02993  3.91964  4.64199  0.61958  0.77255  0.48576  0.95510
     30   3.22523  4.60004  4.55551  4.06226  1.98210  4.31235  4.29222  2.30936  3.92026  1.11764  2.97996  4.24834  4.57721  4.06183  4.06243  3.67473  3.45912  2.39993  4.58455  3.12630     30 l - - -
          2.68618  4.42225  2.77519  2.73123  3.46354  2.40513  3.72494  3.29354  2.67741  2.69355  4.24690  2.90347  2.73739  3.18146  2.89801  2.37887  2.77519  2.98518  4.58477  3.61503
          0.02993  3.91964  4.64199  0.61958  0.77255  0.48576  0.95510
     31   2.99272  5.11368  2.50735  0.96016  4.46579  3.30437  3.89508  3.92904  2.78152  3.53853  4.51034  2.95953  3.91114  3.10966  3.19536  2.97024  3.29727  3.60797  5.62848  4.35058     31 e - - -
          2.68618  4.42225  2.77519  2.73123  3.46354  2.40513  3.72494  3.29354  2.67741  2.69355  4.24690  2.90347  2.73739  3.18146  2.89801  2.37887  2.77519  2.98518  4.58477  3.61503
          0.02993  3.91964  4.64199  0.61958  0.77255  0.48576  0.95510
     32   2.75039  5.09128  2.61385  1.89505  4.34489  3.34827  2.66806  3.83213  2.31869  3.35507  4.17618  2.83585  3.81932  2.26225  2.72049  2.71719  2.98577  3.46916  5.49546  4.12468     32 e - - -
          2.68618  4.42225  2.77519  2.73123  3.46354  2.40513  3.72494  3.29354  2.67741  2.69355  4.24690  2.90347  2.73739  3.18146  2.89801  2.37887  2.77519  2.98518  4.58477  3.61503
          0.02993  3.91964  4.64199  0.61958  0.77255  0.48576  0.95510
     33   3.06638  4.46862  4.48912  3.94943  3.16532  4.24625  4.60690  1.65428  3.78536  1.62838  1.86915  4.22568  4.53219  4.02518  3.97559  3.59193  3.30941  2.04232  5.12340  3.97653     33 l - - -
          2.68618  4.42225  2.77519  2.73123  3.46354  2.40513  3.72494  3.29354  2.67741  2.69355  4.24690  2.90347  2.73739  3.18146  2.89801  2.37887  2.77519  2.98518  4.58477  3.61503
          0.02993  3.91964  4.64199  0.61958  0.77255  0.48576  0.95510
     34   1.99653  4.20968  3.52934  3.06381  3.63203  3.31063  4.00147  2.08280  3.00512  2.62634  3.58242  3.35983  3.86940  3.32754  3.32268  2.15858  2.78404  2.44968  5.11420  3.88040     34 a - - -
          2.68618  4.42225  2.77519  2.73123  3.46354  2.40513  3.72494  3.29354  2.67741  2.69355  4.24690  2.90347  2.73739  3.18146  2.89801  2.37887  2.77519  2.98518  4.58477  3.61503
          0.02993  3.91964  4.64199  0.61958  0.77255  0.48576  0.95510
     35   2.71755  5.04026  2.53875  1.86497  4.36173  3.29761  3.64415  3.81018  2.42370  3.35852  4.18171  2.81285  3.80093  2.27058  2.86243  2.19251  2.97375  3.44127  5.54126  4.16695     35 e - - -
          2.68618  4.42225  2.77519  2.73123  3.46354  2.40513  3.72494  3.29354  2.67741  2.69355  4.24690  2.90347  2.73739  3.18146  2.89801  2.37887  2.77519  2.98518  4.58477  3.61503
          0.02993  3.91964  4.64199  0.61958  0.77255  0.48576  0.95510
     36   1.36269  4.13205  3.49721  3.17855  4.07508  2.99077  4.18975  3.17950  3.15879  3.07446  4.00345  3.33145  3.71461  3.48177  3.44808  2.44101  1.99019  2.79901  5.49822  4.28748     36 a - - -
          2.68618  4.42225  2.77519  2.73123  3.46354  2.40513  3.72494  3.29354  2.67741  2.69355  4.24690  2.90347  2.73739  3.18146  2.89801  2.37887  2.77519  2.98518  4.58477  3.61503
          0.02993  3.91964  4.64199  0.61958  0.77255  0.48576  0.95510
     37   3.18164  4.59081  4.51915  3.97718  3.04646  4.32492  4.61572  2.18397  3.77887  1.07060  2.10150  4.27614  4.57390  4.01388  3.95843  3.67518  3.41473  2.28232  5.06992  3.93242     37 l - - -
          2.68618  4.42225  2.77519  2.73123  3.46354  2.40513  3.72494  3.29354  2.67741  2.69355  4.24690  2.90347  2.73739  3.18146  2.89801  2.37887  2.77519  2.98518  4.58477  3.61503
          0.02993  3.91964  4.64199  0.61958  0.77255  0.48576  0.95510
     38   0.94788  4.21555  3.51041  3.30373  4.09926  3.03885  4.32022  3.23183  3.32120  3.11128  4.13784  3.44145  3.78251  3.65802  3.56856  2.56539  2.84600  2.87808  5.52171  4.32717     38 a - - -
          2.68618  4.42225  2.77519  2.73123  3.46354  2.40513  3.72494  3.29354  2.67741  2.69355  4.24690  2.90347  2.73739  3.18146  2.89801  2.37887  2.77519  2.98518  4.58477  3.61503
          0.02993  3.91964  4.64199  0.61958  0.77255  0.48576  0.95510
     39   2.71167  4.84641  3.08274  2.55181  4.18944  3.44304  3.61434  3.58019  2.16544  3.14292  3.99064  3.02002  3.86186  2.26349  2.01761  2.74623  2.38357  3.25906  5.33242  4.06072     39 r - - -
          2.68618  4.42225  2.77519  2.73123  3.46354  2.40513  3.72494  3.29354  2.67741  2.69355  4.24690  2.90347  2.73739  3.18146  2.89801  2.37887  2.77519  2.98518  4.58477  3.61503
          0.02993  3.91964  4.64199  0.61958  0.77255  0.48576  0.95510
     40   2.72376  4.49470  3.40721  3.31252  4.45429  0.65990  4.43006  4.06523  3.50022  3.71349  4.68950  3.57145  3.88736  3.82062  3.73123  2.89700  3.20866  3.58444  5.53714  4.55772     40 G - - -
          2.68618  4.42225  2.77519  2.73123  3.46354  2.40513  3.72494  3.29354  2.67741  2.69355  4.24690  2.90347  2.73739  3.18146  2.89801  2.37887  2.77519  2.98518  4.58477  3.61503
          0.02993  3.91964  4.64199  0.61958  0.77255  0.48576  0.95510
     41   2.92327  5.46083  1.37084  1.67124  4.74643  3.18916  3.74466  4.25597  2.76917  3.77599  4.64104  2.66077  3.81574  2.91642  3.36052  2.80980  3.21509  3.84096  5.93057  4.43647     41 d - - -
          2.68618  4.42225  2.77519  2.73123  3.46354  2.40513  3.72494  3.29354  2.67741  2.69355  4.24690  2.90347  2.73739  3.18146  2.89801  2.37887  2.77519  2.98518  4.58477  3.61503
          0.02993  3.91964  4.64199  0.61958  0.77255  0.48576  0.95510
     42   3.05852  4.89464  3.55397  3.05504  4.26116  3.53766  3.85828  3.80601  2.25619  3.31336  4.31218  3.41125  4.03783  3.07614  0.90873  3.14033  3.32119  3.52789  5.32501  4.17813     42 r - - -
          2.68618  4.42225  2.77519  2.73123  3.46354  2.40513  3.72494  3.29354  2.67741  2.69355  4.24690  2.90347  2.73739  3.18146  2.89801  2.37887  2.77519  2.98518  4.58477  3.61503
          0.02993  3.91964  4.64199  0.61958  0.77255  0.48576  0.95510
     43   3.03880  4.38667  4.65171  4.15779  3.48428  4.32677  4.88762  1.26972  4.03550  1.99190  3.30395  4.39312  4.65931  4.31061  4.24468  3.71182  3.30911  1.34005  5.43862  4.23162     43 i - - -
          2.68618  4.42225  2.77519  2.73123  3.46354  2.40513  3.72494  3.29354  2.67741  2.69355  4.24690  2.90347  2.73739  3.18146  2.89801  2.37887  2.77519  2.98518  4.58477  3.61503
          0.02993  3.91964  4.64199  0.61958  0.77255  0.48576  0.95510
     44   2.99272  5.11368  2.50735  0.96016  4.46579  3.30437  3.89508  3.92904  2.78152  3.53853  4.51034  2.95953  3.91114  3.10966  3.19536  2.97024  3.29727  3.60797  5.62848  4.35058     44 e - - -
          2.68618  4.42225  2.77519  2.73123  3.46354  2.40513  3.72494  3.29354  2.67741  2.69355  4.24690  2.90347  2.73739  3.18146  2.89801  2.37887  2.77519  2.98518  4.58477  3.61503
          0.02993  3.91964  4.64199  0.61958  0.77255  0.48576  0.95510
     45   3.15159  4.49914  4.65141  4.13544  3.22054  4.40090  4.77859  1.36077  3.96300  1.37461  3.06595  4.40058  4.66513  4.20935  4.14309  3.77330  3.39773  1.87644  5.22730  4.04076     45 i - - -
          2.68618  4.42225  2.77519  2.73123  3.46354  2.40513  3.72494  3.29354  2.67741  2.69355  4.24690  2.90347  2.73739  3.18146  2.89801  2.37887  2.77519  2.98518  4.58477  3.61503
          0.02993  3.91964  4.64199  0.61958  0.77255  0.48576  0.95510
     46   3.05852  4.89464  3.55397  3.05504  4.26116  3.53766  3.85828  3.80601  2.25619  3.31336  4.31218  3.41125  4.03783  3.07614  0.90873  3.14033  3.32119  3.52789  5.32501  4.17813     46 r - - -
          2.68618  4.42225  2.77519  2.73123  3.46354  2.40513  3.72494  3.29354  2.67741  2.69355  4.24690  2.90347  2.73739  3.18146  2.89801  2.37887  2.77519  2.98518  4.58477  3.61503
          0.02993  3.91964  4.64199  0.61958  0.77255  0.48576  0.95510
     47   2.72376  4.49470  3.40721  3.31252  4.45429  0.65990  4.43006  4.06523  3.50022  3.71349  4.68950  3.57145  3.88736  3.82062  3.73123  2.89700  3.20866  3.58444  5.53714  4.55772     47 G - - -
          2.68618  4.42225  2.77519  2.73123  3.46354  2.40513  3.72494  3.29354  2.67741  2.69355  4.24690  2.90347  2.73739  3.18146  2.89801  2.37887  2.77519  2.98518  4.58477  3.61503
          0.02993  3.91964  4.64199  0.61958  0.77255  0.48576  0.95510
     48   3.31832  4.70621  4.30337  4.02674  0.93760  3.99723  3.89812  2.83610  3.93256  2.19524  3.55923  4.07231  4.45469  4.08752  4.04064  3.58589  3.61944  2.83027  4.13306  2.49410     48 f - - -
          2.68618  4.42225  2.77519  2.73123  3.46354  2.40513  3.72494  3.29354  2.67741  2.69355  4.24690  2.90347  2.73739  3.18146  2.89801  2.37887  2.77519  2.98518  4.58477  3.61503
          0.02993  3.91964  4.64199  0.61958  0.77255  0.48576  0.95510
     49   2.72376  4.49470  3.40721  3.31252  4.45429  0.65990  4.43006  4.06523  3.50022  3.71349  4.68950  3.57145  3.88736  3.82062  3.73123  2.89700  3.20866  3.58444  5.53714  4.55772     49 G - - -
          2.68618  4.42225  2.77519  2.73123  3.46354  2.40513  3.72494  3.29354  2.67741  2.69355  4.24690  2.90347  2.73739  3.18146  2.89801  2.37887  2.77519  2.98518  4.58477  3.61503
          0.02993  3.91964  4.64199  0.61958  0.77255  0.48576  0.95510
     50   1.62533  4.13555  3.35109  3.07996  4.20398  2.91665  4.16035  3.55053  3.13241  3.30097  4.15829  3.25099  3.66040  3.43690  3.43987  1.44630  2.68127  3.05281  5.56838  4.33923     50 s - - -
          2.68618  4.42225  2.77519  2.73123  3.46354  2.40513  3.72494  3.29354  2.67741  2.69355  4.24690  2.90347  2.73739  3.18146  2.89801  2.37887  2.77519  2.98518  4.58477  3.61503
          0.02993  3.91964  4.64199  0.61958  0.77255  0.48576  0.95510
     51   3.31832  4.70621  4.30337  4.02674  0.93760  3.99723  3.89812  2.83610  3.93256  2.19524  3.55923  4.07231  4.45469  4.08752  4.04064  3.58589  3.61944  2.83027  4.13306  2.49410     51 f - - -
          2.68618  4.42225  2.77519  2.73123  3.46354  2.40513  3.72494  3.29354  2.67741  2.69355  4.24690  2.90347  2.73739  3.18146  2.89801  2.37887  2.77519  2.98518  4.58477  3.61503
          0.02993  3.91964  4.64199  0.61958  0.77255  0.48576  0.95510
     52   2.33817  4.25926  3.24735  3.06515  4.12322  2.98827  4.17378  3.65214  3.14210  3.36868  4.29074  3.28250  3.73093  3.48771  3.42678  1.02212  2.82180  3.17693  5.49192  4.20696     52 s - - -
          2.68618  4.42225  2.77519  2.73123  3.46354  2.40513  3.72494  3.29354  2.67741  2.69355  4.24690  2.90347  2.73739  3.18146  2.89801  2.37887  2.77519  2.98518  4.58477  3.61503
          0.02993  3.91964  4.64199  0.61958  0.77255  0.48576  0.95510
     53   3.04145  4.46565  4.44395  3.94360  3.23942  4.18661  4.63534  2.00326  3.77522  1.25615  3.10669  4.20843  4.52854  4.05290  3.97948  3.56206  3.30878  1.57336  5.18747  3.98505     53 l - - -
          2.68618  4.42225  2.77519  2.73123  3.46354  2.40513  3.72494  3.29354  2.67741  2.69355  4.24690  2.90347  2.73739  3.18146  2.89801  2.37887  2.77519  2.98518  4.58477  3.61503
          0.02993  3.91964  4.64199  0.61958  0.77255  0.48576  0.95510
     54   2.85570  4.98902  2.98722  2.56155  4.10045  3.48059  2.06807  3.73190  1.73083  3.25463  4.12740  3.03094  3.91779  2.79923  2.42141  2.86401  3.07404  3.41645  5.27872  3.93933     54 k - - -
          2.68618  4.42225  2.77519  2.73123  3.46354  2.40513  3.72494  3.29354  2.67741  2.69355  4.24690  2.90347  2.73739  3.18146  2.89801  2.37887  2.77519  2.98518  4.58477  3.61503
          0.02993  3.91964  4.64199  0.61958  0.77255  0.48576  0.95510
     55   2.80339  4.69734  3.22054  2.75903  3.27617  3.55388  3.64457  3.27203  1.92503  2.87362  3.82172  3.18206  3.97337  2.98776  2.72674  2.89627  3.03433  3.03123  4.74817  1.99596     55 k - - -
          2.68618  4.42225  2.77519  2.73123  3.46354  2.40513  3.72494  3.29354  2.67741  2.69355  4.24690  2.90347  2.73739  3.18146  2.89801  2.37887  2.77519  2.98518  4.58477  3.61503
          0.02993  3.91964  4.64199  0.61958  0.77255  0.48576  0.95510
     56   3.05852  4.89464  3.55397  3.05504  4.26116  3.53766  3.85828  3.80601  2.25619  3.31336  4.31218  3.41125  4.03783  3.07614  0.90873  3.14033  3.32119  3.52789  5.32501  4.17813     56 r - - -
          2.68618  4.42225  2.77519  2.73123  3.46354  2.40513  3.72494  3.29354  2.67741  2.69355  4.24690  2.90347  2.73739  3.18146  2.89801  2.37887  2.77519  2.98518  4.58477  3.61503
          0.02993  3.91964  4.64199  0.61958  0.77255  0.48576  0.95510
     57   1.66704  4.73251  1.92684  2.38995  4.29617  3.16464  3.82019  3.63409  2.76473  3.33828  4.21014  2.88963  3.77655  3.01251  3.24299  2.63917  2.94117  3.25782  5.59176  4.23411     57 a - - -
          2.68618  4.42225  2.77519  2.73123  3.46354  2.40513  3.72494  3.29354  2.67741  2.69355  4.24690  2.90347  2.73739  3.18146  2.89801  2.37887  2.77519  2.98518  4.58477  3.61503
          0.02993  3.91964  4.64199  0.61958  0.77255  0.48576  0.95510
     58   1.68873  4.23930  3.25322  2.97114  4.13889  3.01241  4.08696  3.44632  3.01719  3.18882  4.08975  3.22750  1.79849  3.35032  3.34167  2.47290  2.75561  3.02396  5.50055  4.26830     58 a - - -
          2.68618  4.42225  2.77519  2.73123  3.46354  2.40513  3.72494  3.29354  2.67741  2.69355  4.24690  2.90347  2.73739  3.18146  2.89801  2.37887  2.77519  2.98518  4.58477  3.61503
          0.02993  3.91964  4.64199  0.61958  0.77255  0.48576  0.95510
     59   3.05852  4.89464  3.55397  3.05504  4.26116  3.53766  3.85828  3.80601  2.25619  3.31336  4.31218  3.41125  4.03783  3.07614  0.90873  3.14033  3.32119  3.52789  5.32501  4.17813     59 r - - -
          2.68618  4.42225  2.77519  2.73123  3.46354  2.40513  3.72494  3.29354  2.67741  2.69355  4.24690  2.90347  2.73739  3.18146  2.89801  2.37887  2.77519  2.98518  4.58477  3.61503
          0.02993  3.91964  4.64199  0.61958  0.77255  0.48576  0.95510
     60   2.47275  4.22511  3.71710  3.29750  3.72322  3.32960  4.21780  2.49281  3.19636  2.56553  3.64593  3.52075  3.94411  3.54398  3.48007  2.73918  1.69024  1.84085  5.30249  4.07015     60 t - - -
          2.68618  4.42225  2.77519  2.73123  3.46354  2.40513  3.72494  3.29354  2.67741  2.69355  4.24690  2.90347  2.73739  3.18146  2.89801  2.37887  2.77519  2.98518  4.58477  3.61503
          0.02993  3.91964  4.64199  0.61958  0.77255  0.48576  0.95510
     61   2.72376  4.49470  3.40721  3.31252  4.45429  0.65990  4.43006  4.06523  3.50022  3.71349  4.68950  3.57145  3.88736  3.82062  3.73123  2.89700  3.20866  3.58444  5.53714  4.55772     61 G - - -
          2.68618  4.42225  2.77519  2.73123  3.46354  2.40513  3.72494  3.29354  2.67741  2.69355  4.24690  2.90347  2.73739  3.18146  2.89801  2.37887  2.77519  2.98518  4.58477  3.61503
          0.02993  3.91964  4.64199  0.61958  0.77255  0.48576  0.95510
     62   3.05852  4.89464  3.55397  3.05504  4.26116  3.53766  3.85828  3.80601  2.25619  3.31336  4.31218  3.41125  4.03783  3.07614  0.90873  3.14033  3.32119  3.52789  5.32501  4.17813     62 r - - -
          2.68618  4.42225  2.77519  2.73123  3.46354  2.40513  3.72494  3.29354  2.67741  2.69355  4.24690  2.90347  2.73739  3.18146  2.89801  2.37887  2.77519  2.98518  4.58477  3.61503
          0.02993  3.91964  4.64199  0.61958  0.77255  0.48576  0.95510
     63   2.76244  4.76075  2.73434  2.62450  4.13165  3.21552  3.95894  3.85205  2.86651  3.49354  4.44842  1.07721  3.86964  3.23168  3.22285  2.82777  3.14579  3.46950  5.43214  4.07651     63 n - - -
          2.68618  4.42225  2.77519  2.73123  3.46354  2.40513  3.72494  3.29354  2.67741  2.69355  4.24690  2.90347  2.73739  3.18146  2.89801  2.37887  2.77519  2.98518  4.58477  3.61503
          0.02993  3.91964  4.64199  0.61958  0.77255  0.48576  0.95510
     64   2.81411  4.56378  3.42634  3.27206  4.26346  3.24862  4.34577  3.82083  3.33336  3.44263  4.49439  3.57409  0.74443  3.72070  3.57368  2.98304  3.25935  3.46085  5.43725  4.38472     64 p - - -
          2.68618  4.42225  2.77519  2.73123  3.46354  2.40513  3.72494  3.29354  2.67741  2.69355  4.24690  2.90347  2.73739  3.18146  2.89801  2.37887  2.77519  2.98518  4.58477  3.61503
          0.02993  3.91964  4.64199  0.61958  0.77255  0.48576  0.95510
     65   2.99706  5.09993  3.38704  2.75063  4.53386  3.61460  3.58835  3.89031  1.35310  3.35028  4.22444  3.15735  3.99328  2.72746  1.67576  2.99852  3.17167  3.57549  5.40614  4.22934     65 k - - -
          2.68618  4.42225  2.77519  2.73123  3.46354  2.40513  3.72494  3.29354  2.67741  2.69355  4.24690  2.90347  2.73739  3.18146  2.89801  2.37887  2.77519  2.98518  4.58477  3.61503
          0.02993  3.91964  4.64199  0.61958  0.77255  0.48576  0.95510
     66   2.43802  4.28322  3.46986  3.22392  4.01041  3.12097  4.23766  3.14329  3.16783  3.00511  4.05252  3.42582  3.82840  3.56027  3.42432  2.63980  1.09442  2.83323  5.44407  4.22701     66 t - - -
          2.68618  4.42225  2.77519  2.73123  3.46354  2.40513  3.72494  3.29354  2.67741  2.69355  4.24690  2.90347  2.73739  3.18146  2.89801  2.37887  2.77519  2.98518  4.58477  3.61503
          0.02993  3.91964  4.64199  0.61958  0.77255  0.48576  0.95510
     67   2.72376  4.49470  3.40721  3.31252  4.45429  0.65990  4.43006  4.06523  3.50022  3.71349  4.68950  3.57145  3.88736  3.82062  3.73123  2.89700  3.20866  3.58444  5.53714  4.55772     67 G - - -
          2.68618  4.42225  2.77519  2.73123  3.46354  2.40513  3.72494  3.29354  2.67741  2.69355  4.24690  2.90347  2.73739  3.18146  2.89801  2.37887  2.77519  2.98518  4.58477  3.61503
          0.02993  3.91964  4.64199  0.61958  0.77255  0.48576  0.95510
     68   2.72930  5.11491  1.98065  1.85685  4.42966  3.24949  3.66691  3.86679  2.55837  3.43517  4.25811  2.74955  3.78545  2.81941  3.07620  2.68546  2.26206  3.48753  5.63664  4.22017     68 e - - -
          2.68618  4.42225  2.77519  2.73123  3.46354  2.40513  3.72494  3.29354  2.67741  2.69355  4.24690  2.90347  2.73739  3.18146  2.89801  2.37887  2.77519  2.98518  4.58477  3.61503
          0.02993  3.91964  4.64199  0.61958  0.77255  0.48576  0.95510
     69   2.59763  4.67968  2.90552  2.56268  4.20368  3.26025  3.74415  3.62587  1.95811  3.23984  4.09507  3.00992  3.80972  2.92696  2.75813  1.70265  2.91562  3.25531  5.42471  4.12682     69 s - - -
          2.68618  4.42225  2.77519  2.73123  3.46354  2.40513  3.72494  3.29354  2.67741  2.69355  4.24690  2.90347  2.73739  3.18146  2.89801  2.37887  2.77519  2.98518  4.58477  3.61503
          0.02993  3.91964  4.64199  0.61958  0.77255  0.48576  0.95510
     70   2.84525  4.37467  4.19062  3.85509  3.58449  3.77270  4.64863  2.04796  3.72359  2.26326  3.54237  4.03738  4.33050  4.07994  3.93156  3.27910  3.20559  0.96749  5.37693  4.11153     70 v - - -
          2.68618  4.42225  2.77519  2.73123  3.46354  2.40513  3.72494  3.29354  2.67741  2.69355  4.24690  2.90347  2.73739  3.18146  2.89801  2.37887  2.77519  2.98518  4.58477  3.61503
          0.02993  3.91964  4.64199  0.61958  0.77255  0.48576  0.95510
     71   2.14575  4.84624  2.85146  2.05686  4.18579  3.36417  3.63315  3.57594  2.31793  3.16833  4.00348  2.93271  3.81750  2.78783  2.24516  2.68297  2.90729  3.24136  5.38084  4.06735     71 e - - -
          2.68618  4.42225  2.77519  2.73123  3.46354  2.40513  3.72494  3.29354  2.67741  2.69355  4.24690  2.90347  2.73739  3.18146  2.89801  2.37887  2.77519  2.98518  4.58477  3.61503
          0.02993  3.91964  4.64199  0.61958  0.77255  0.48576  0.95510
     72   3.04145  4.46565  4.44395  3.94360  3.23942  4.18661  4.63534  2.00326  3.77522  1.25615  3.10669  4.20843  4.52854  4.05290  3.97948  3.56206  3.30878  1.57336  5.18747  3.98505     72 l - - -
          2.68618  4.42225  2.77519  2.73123  3.46354  2.40513  3.72494  3.29354  2.67741  2.69355  4.24690  2.90347  2.73739  3.18146  2.89801  2.37887  2.77519  2.98518  4.58477  3.61503
          0.02993  3.91964  4.64199  0.61958  0.77255  0.48576  0.95510
     73   2.92327  5.46083  1.37084  1.67124  4.74643  3.18916  3.74466  4.25597  2.76917  3.77599  4.64104  2.66077  3.81574  2.91642  3.36052  2.80980  3.21509  3.84096  5.93057  4.43647     73 d - - -
          2.68618  4.42225  2.77519  2.73123  3.46354  2.40513  3.72494  3.29354  2.67741  2.69355  4.24690  2.90347  2.73739  3.18146  2.89801  2.37887  2.77519  2.98518  4.58477  3.61503
          0.02993  3.91964  4.64199  0.61958  0.77255  0.48576  0.95510
     74   2.73812  4.92222  2.47557  1.74016  4.42870  1.75974  3.80450  3.88026  2.70116  3.47873  4.34418  2.86551  3.81464  2.99482  3.15107  2.74442  3.06264  3.49029  5.63696  4.29988     74 e - - -
          2.68618  4.42225  2.77519  2.73123  3.46354  2.40513  3.72494  3.29354  2.67741  2.69355  4.24690  2.90347  2.73739  3.18146  2.89801  2.37887  2.77519  2.98518  4.58477  3.61503
          0.02993  3.91964  4.64199  0.61958  0.77255  0.48576  0.95510
     75   3.01503  4.98091  3.19418  2.80668  4.37812  3.49955  3.78514  3.81031  0.97557  3.36505  4.32387  3.22912  3.99648  2.97388  2.44041  3.05387  3.26475  3.51540  5.41332  4.23283     75 k - - -
          2.68618  4.42225  2.77519  2.73123  3.46354  2.40513  3.72494  3.29354  2.67741  2.69355  4.24690  2.90347  2.73739  3.18146  2.89801  2.37887  2.77519  2.98518  4.58477  3.61503
          0.02993  3.91964  4.64199  0.61958  0.77255  0.48576  0.95510
     76   3.21217  4.69370  4.01805  3.57075  1.65705  4.02999  2.20117  3.25004  3.46389  2.70817  3.82119  3.68679  4.37189  3.64461  3.68560  3.33693  3.43552  3.08904  3.71851  1.60842     76 y - - -
          2.68618  4.42225  2.77519  2.73123  3.46354  2.40513  3.72494  3.29354  2.67741  2.69355  4.24690  2.90347  2.73739  3.18146  2.89801  2.37887  2.77519  2.98518  4.58477  3.61503
          0.02993  3.91964  4.64199  0.61958  0.77255  0.48576  0.95510
     77   2.84525  4.37467  4.19062  3.85509  3.58449  3.77270  4.64863  2.04796  3.72359  2.26326  3.54237  4.03738  4.33050  4.07994  3.93156  3.27910  3.20559  0.96749  5.37693  4.11153     77 v - - -
          2.68618  4.42225  2.77519  2.73123  3.46354  2.40513  3.72494  3.29354  2.67741  2.69355  4.24690  2.90347  2.73739  3.18146  2.89801  2.37887  2.77519  2.98518  4.58477  3.61503
          0.02993  3.91964  4.64199  0.61958  0.77255  0.48576  0.95510
     78   2.81411  4.56378  3.42634  3.27206  4.26346  3.24862  4.34577  3.82083  3.33336  3.44263  4.49439  3.57409  0.74443  3.72070  3.57368  2.98304  3.25935  3.46085  5.43725  4.38472     78 p - - -
          2.68618  4.42225  2.77519  2.73123  3.46354  2.40513  3.72494  3.29354  2.67741  2.69355  4.24690  2.90347  2.73739  3.18146  2.89801  2.37887  2.77519  2.98518  4.58477  3.61503
          0.02993  3.91964  4.64199  0.61958  0.77255  0.48576  0.95510
     79   3.03346  4.66395  3.67477  3.25456  1.76944  3.81915  1.87340  3.18514  3.14290  2.65942  3.76561  3.51824  4.21953  3.44587  3.41626  3.16265  3.27885  3.02110  3.98818  2.31784     79 f - - -
          2.68618  4.42225  2.77519  2.73123  3.46354  2.40513  3.72494  3.29354  2.67741  2.69355  4.24690  2.90347  2.73739  3.18146  2.89801  2.37887  2.77519  2.98518  4.58477  3.61503
          0.02993  3.91964  4.64199  0.61958  0.77255  0.48576  0.95510
     80   3.31832  4.70621  4.30337  4.02674  0.93760  3.99723  3.89812  2.83610  3.93256  2.19524  3.55923  4.07231  4.45469  4.08752  4.04064  3.58589  3.61944  2.83027  4.13306  2.49410     80 f - - -
          2.68618  4.42225  2.77519  2.73123  3.46354  2.40513  3.72494  3.29354  2.67741  2.69355  4.24690  2.90347  2.73739  3.18146  2.89801  2.37887  2.77519  2.98518  4.58477  3.61503
          0.02993  3.91964  4.64199  0.61958  0.77255  0.48576  0.95510
     81   3.01503  4.98091  3.19418  2.80668  4.37812  3.49955  3.78514  3.81031  0.97557  3.36505  4.32387  3.22912  3.99648  2.97388  2.44041  3.05387  3.26475  3.51540  5.41332  4.23283     81 k - - -
          2.68618  4.42225  2.77519  2.73123  3.46354  2.40513  3.72494  3.29354  2.67741  2.69355  4.24690  2.90347  2.73739  3.18146  2.89801  2.37887  2.77519  2.98518  4.58477  3.61503
          0.02993  3.91964  4.64199  0.61958  0.77255  0.48576  0.95510
     82   2.34554  4.28314  3.23161  2.91623  4.08531  3.06267  4.02571  3.39150  2.91760  3.12535  4.03124  3.20747  1.85625  3.27894  3.24658  2.50731  1.95127  2.99931  5.44625  4.20359     82 p - - -
          2.68618  4.42225  2.77519  2.73123  3.46354  2.40513  3.72494  3.29354  2.67741  2.69355  4.24690  2.90347  2.73739  3.18146  2.89801  2.37887  2.77519  2.98518  4.58477  3.61503
          0.02993  3.91964  4.64199  0.61958  0.77255  0.48576  0.95510
     83   2.72376  4.49470  3.40721  3.31252  4.45429  0.65990  4.43006  4.06523  3.50022  3.71349  4.68950  3.57145  3.88736  3.82062  3.73123  2.89700  3.20866  3.58444  5.53714  4.55772     83 G - - -
          2.68618  4.42225  2.77519  2.73123  3.46354  2.40513  3.72494  3.29354  2.67741  2.69355  4.24690  2.90347  2.73739  3.18146  2.89801  2.37887  2.77519  2.98518  4.58477  3.61503
          0.02993  3.91964  4.64199  0.61958  0.77255  0.48576  0.95510
     84   3.01503  4.98091  3.19418  2.80668  4.37812  3.49955  3.78514  3.81031  0.97557  3.36505  4.32387  3.22912  3.99648  2.97388  2.44041  3.05387  3.26475  3.51540  5.41332  4.23283     84 k - - -
          2.68618  4.42225  2.77519  2.73123  3.46354  2.40513  3.72494  3.29354  2.67741  2.69355  4.24690  2.90347  2.73739  3.18146  2.89801  2.37887  2.77519  2.98518  4.58477  3.61503
          0.02993  3.91964  4.64199  0.61958  0.77255  0.48576  0.95510
     85   2.75551  4.75968  2.88367  1.74991  3.84277  3.44913  3.77313  3.10423  2.57241  2.11515  3.80236  3.05598  3.91983  2.98390  2.94867  2.83307  3.00901  2.89866  5.26504  3.94040     85 e - - -
          2.68618  4.42225  2.77519  2.73123  3.46354  2.40513  3.72494  3.29354  2.67741  2.69355  4.24690  2.90347  2.73739  3.18146  2.89801  2.37887  2.77519  2.98518  4.58477  3.61503
          0.02993  3.91964  4.64199  0.61958  0.77255  0.48576  0.95510
     86   3.20808  4.65629  4.26522  3.90517  3.15361  4.04207  4.54609  2.36011  3.67245  0.81925  3.16162  4.17608  4.46924  4.02950  3.84085  3.61825  3.50014  2.40971  5.05013  3.78438     86 l - - -
          2.68618  4.42225  2.77519  2.73123  3.46354  2.40513  3.72494  3.29354  2.67741  2.69355  4.24690  2.90347  2.73739  3.18146  2.89801  2.37887  2.77519  2.98518  4.58477  3.61503
          0.02993  3.91964  4.64199  0.61958  0.77255  0.48576  0.95510
     87   3.05852  4.89464  3.55397  3.05504  4.26116  3.53766  3.85828  3.80601  2.25619  3.31336  4.31218  3.41125  4.03783  3.07614  0.90873  3.14033  3.32119  3.52789  5.32501  4.17813     87 r - - -
          2.68618  4.42225  2.77519  2.73123  3.46354  2.40513  3.72494  3.29354  2.67741  2.69355  4.24690  2.90347  2.73739  3.18146  2.89801  2.37887  2.77519  2.98518  4.58477  3.61503
          0.02993  3.91964  4.64199  0.61958  0.77255  0.48576  0.95510
     88   3.04019  5.17589  0.85271  2.36443  4.55921  3.24633  3.97252  4.15810  3.06554  3.75799  4.73701  2.92322  3.90244  3.21166  3.58826  2.99715  3.37973  3.79223  5.71866  4.42418     88 d - - -
          2.68618  4.42225  2.77519  2.73123  3.46354  2.40513  3.72494  3.29354  2.67741  2.69355  4.24690  2.90347  2.73739  3.18146  2.89801  2.37887  2.77519  2.98518  4.58477  3.61503
          0.02993  3.91964  4.64199  0.61958  0.77255  0.48576  0.95510
     89   3.05852  4.89464  3.55397  3.05504  4.26116  3.53766  3.85828  3.80601  2.25619  3.31336  4.31218  3.41125  4.03783  3.07614  0.90873  3.14033  3.32119  3.52789  5.32501  4.17813     89 r - - -
          2.68618  4.42225  2.77519  2.73123  3.46354  2.40513  3.72494  3.29354  2.67741  2.69355  4.24690  2.90347  2.73739  3.18146  2.89801  2.37887  2.77519  2.98518  4.58477  3.61503
          0.02993  3.91964  4.64199  0.61958  0.77255  0.48576  0.95510
     90   2.16860  4.28995  3.98074  3.46955  3.43870  3.75166  4.29018  2.14558  3.35965  1.75058  3.32862  3.75693  4.19866  3.66878  3.63174  3.09712  3.01215  1.70679  5.14288  3.93214     90 v - - -
          2.68618  4.42225  2.77519  2.73123  3.46354  2.40513  3.72494  3.29354  2.67741  2.69355  4.24690  2.90347  2.73739  3.18146  2.89801  2.37887  2.77519  2.98518  4.58477  3.61503
          0.02993  3.91964  4.64199  0.61958  0.77255  0.48576  0.95510
     91   2.76244  4.76075  2.73434  2.62450  4.13165  3.21552  3.95894  3.85205  2.86651  3.49354  4.44842  1.07721  3.86964  3.23168  3.22285  2.82777  3.14579  3.46950  5.43214  4.07651     91 n - - -
          2.68618  4.42225  2.77519  2.73123  3.46354  2.40513  3.72494  3.29354  2.67741  2.69355  4.24690  2.90347  2.73739  3.18146  2.89801  2.37887  2.77519  2.98518  4.58477  3.61503
          0.02993  3.91964  4.64199  0.61958  0.77255  0.48576  0.95510
     92   2.59642  4.58338  2.93239  2.15067  3.84185  2.51985  3.72708  2.48768  2.58763  2.86481  3.75346  3.02249  3.83817  2.94095  2.99488  2.69635  2.85982  2.85650  5.20333  3.90827     92 e - - -
          2.68618  4.42225  2.77519  2.73123  3.46354  2.40513  3.72494  3.29354  2.67741  2.69355  4.24690  2.90347  2.73739  3.18146  2.89801  2.37887  2.77519  2.98518  4.58477  3.61503
          0.02993  3.91964  4.64199  0.61958  0.77255  0.48576  0.95510
     93   2.53148  4.47177  3.06849  2.65178  3.65325  2.42626  3.75038  3.21134  2.67076  2.87251  3.75033  3.08726  2.74310  3.01487  3.05968  2.65500  2.82734  2.91578  5.05965  2.67755     93 g - - -
          2.68618  4.42225  2.77519  2.73123  3.46354  2.40513  3.72494  3.29354  2.67741  2.69355  4.24690  2.90347  2.73739  3.18146  2.89801  2.37887  2.77519  2.98518  4.58477  3.61503
          0.02993  3.91964  4.64199  0.61958  0.77255  0.48576  0.95510
     94   2.77444  5.02167  2.41746  1.42654  4.47725  2.25680  3.77505  3.93589  2.67036  3.51682  4.37719  2.82621  3.81670  2.95580  3.13677  2.75654  3.08346  3.54596  5.66953  4.30946     94 e - - -
          2.68620  4.42227  2.77521  2.73093  3.46356  2.40515  3.72496  3.29356  2.67743  2.69357  4.24692  2.90349  2.73742  3.18148  2.89803  2.37889  2.77521  2.98520  4.58479  3.61505
          0.19012  1.75366        *  0.30911  1.32464  0.00000        *
//
