HMMER3/f [3.1b2 | February 2015]
NAME  infA
ACC   TIGR00008.1
DESC  JCVI: translation initiation factor IF-1
LENG  69
ALPH  amino
RF    no
MM    no
CONS  yes
CS    no
MAP   yes
DATE  Fri Nov  2 17:41:02 2018
NSEQ  13
EFFN  1.215576
CKSUM 254084765
GA    61.15 61.15
TC    61.15 61.15
NC    39.7 39.7
STATS LOCAL MSV       -8.7392  0.71878
STATS LOCAL VITERBI   -9.1924  0.71878
STATS LOCAL FORWARD   -4.2805  0.71878
HMM          A        C        D        E        F        G        H        I        K        L        M        N        P        Q        R        S        T        V        W        Y
            m->m     m->i     m->d     i->m     i->i     d->m     d->d
  COMPO   2.81570  4.72131  2.94556  2.68461  3.44743  2.69414  3.76237  2.50723  2.61860  2.47552  3.57512  3.04138  3.67700  3.26285  2.69358  2.78123  2.92038  2.44065  5.10931  3.40457
          2.68618  4.42225  2.77519  2.73123  3.46354  2.40513  3.72494  3.29354  2.67741  2.69355  4.24690  2.90347  2.73739  3.18146  2.89801  2.37887  2.77519  2.98518  4.58477  3.61503
          0.02034  4.30094  5.02328  0.61958  0.77255  0.00000        *
      1   3.29246  5.37777  3.67878  3.01752  4.88172  3.85233  3.78582  4.22743  0.82107  3.63622  4.52205  3.39971  4.22888  2.92170  2.00294  3.28144  3.45159  3.90857  5.63663  4.49758      1 k - - -
          2.68618  4.42225  2.77519  2.73123  3.46354  2.40513  3.72494  3.29354  2.67741  2.69355  4.24690  2.90347  2.73739  3.18146  2.89801  2.37887  2.77519  2.98518  4.58477  3.61503
          0.02034  4.30094  5.02328  0.61958  0.77255  0.48576  0.95510
      2   2.96721  5.56524  1.93392  1.35959  4.86685  3.38298  3.81790  4.38474  2.73499  3.85219  4.65092  2.34718  3.94213  2.40485  3.29705  2.86769  3.23207  3.93904  5.99350  4.50700      2 e - - -
          2.68618  4.42225  2.77519  2.73123  3.46354  2.40513  3.72494  3.29354  2.67741  2.69355  4.24690  2.90347  2.73739  3.18146  2.89801  2.37887  2.77519  2.98518  4.58477  3.61503
          0.02034  4.30094  5.02328  0.61958  0.77255  0.48576  0.95510
      3   2.52803  5.23434  1.98813  2.09127  4.56001  3.05485  3.66786  4.04522  2.31974  3.53147  4.28797  2.64843  3.85089  2.41488  2.95654  2.68166  2.71760  3.61602  5.67294  4.25159      3 d - - -
          2.68618  4.42225  2.77519  2.73123  3.46354  2.40513  3.72494  3.29354  2.67741  2.69355  4.24690  2.90347  2.73739  3.18146  2.89801  2.37887  2.77519  2.98518  4.58477  3.61503
          0.02034  4.30094  5.02328  0.61958  0.77255  0.48576  0.95510
      4   2.48087  3.88442  3.23459  2.49915  3.78187  3.53605  3.75984  3.14985  2.02285  2.49228  3.68972  2.93915  3.92312  2.97908  3.04428  2.76043  2.87600  2.31559  5.14685  3.86820      4 k - - -
          2.68618  4.42225  2.77519  2.73123  3.46354  2.40513  3.72494  3.29354  2.67741  2.69355  4.24690  2.90347  2.73739  3.18146  2.89801  2.37887  2.77519  2.98518  4.58477  3.61503
          0.02034  4.30094  5.02328  0.61958  0.77255  0.48576  0.95510
      5   2.98795  4.35878  4.70340  4.11460  3.14096  4.17572  4.45785  1.32680  3.94629  1.64631  2.72582  4.24240  4.47559  4.08796  4.03199  3.49208  3.21521  2.31205  3.11916  3.72072      5 i - - -
          2.68618  4.42225  2.77519  2.73123  3.46354  2.40513  3.72494  3.29354  2.67741  2.69355  4.24690  2.90347  2.73739  3.18146  2.89801  2.37887  2.77519  2.98518  4.58477  3.61503
          0.02034  4.30094  5.02328  0.61958  0.77255  0.48576  0.95510
      6   2.64524  4.90133  2.81138  1.90282  3.29518  3.45891  3.27663  2.97989  2.22967  3.16634  3.96778  2.97551  3.85211  2.80104  2.91654  2.66381  2.67957  3.24176  5.39161  4.04315      6 e - - -
          2.68618  4.42225  2.77519  2.73123  3.46354  2.40513  3.72494  3.29354  2.67741  2.69355  4.24690  2.90347  2.73739  3.18146  2.89801  2.37887  2.77519  2.98518  4.58477  3.61503
          0.02034  4.30094  5.02328  0.61958  0.77255  0.48576  0.95510
      7   2.47219  4.14114  4.11262  3.52744  2.64539  3.76797  3.09392  2.53348  3.40724  2.01637  2.27923  3.74211  4.13237  3.62819  3.59126  3.05472  2.89685  2.02100  4.73771  3.53896      7 l - - -
          2.68618  4.42225  2.77519  2.73123  3.46354  2.40513  3.72494  3.29354  2.67741  2.69355  4.24690  2.90347  2.73739  3.18146  2.89801  2.37887  2.77519  2.98518  4.58477  3.61503
          0.02034  4.30094  5.02328  0.61958  0.77255  0.48576  0.95510
      8   2.81287  5.28277  2.42532  1.49411  4.59280  3.40960  3.73312  4.06810  2.55591  3.57640  4.36042  2.88167  3.89433  2.47328  3.06356  2.76057  2.24065  3.65865  5.73771  4.31604      8 e - - -
          2.68618  4.42225  2.77519  2.73123  3.46354  2.40513  3.72494  3.29354  2.67741  2.69355  4.24690  2.90347  2.73739  3.18146  2.89801  2.37887  2.77519  2.98518  4.58477  3.61503
          0.02034  4.30094  5.02328  0.61958  0.77255  0.48576  0.95510
      9   3.28684  4.99754  4.04598  4.00907  5.10154  0.29542  5.08045  4.82774  4.24709  4.41812  5.41253  4.21257  4.39957  4.53809  4.41513  3.47420  3.80036  4.27270  6.06130  5.22527      9 G - - -
          2.68618  4.42225  2.77519  2.73123  3.46354  2.40513  3.72494  3.29354  2.67741  2.69355  4.24690  2.90347  2.73739  3.18146  2.89801  2.37887  2.77519  2.98518  4.58477  3.61503
          0.02034  4.30094  5.02328  0.61958  0.77255  0.48576  0.95510
     10   2.70345  4.67854  3.28081  2.70298  3.88300  3.56913  3.75864  3.23778  1.94355  2.20428  3.76852  3.17241  3.95393  2.96131  2.66086  2.80630  2.30181  2.76419  5.20952  3.93912     10 k - - -
          2.68618  4.42225  2.77519  2.73123  3.46354  2.40513  3.72494  3.29354  2.67741  2.69355  4.24690  2.90347  2.73739  3.18146  2.89801  2.37887  2.77519  2.98518  4.58477  3.61503
          0.02034  4.30094  5.02328  0.61958  0.77255  0.48576  0.95510
     11   3.30172  4.55431  5.20708  4.72988  3.82182  4.77497  5.44177  1.23620  4.63742  2.28827  3.59317  4.90950  5.05184  4.89381  4.81405  4.18915  3.56757  0.94326  5.85820  4.64634     11 v - - -
          2.68618  4.42225  2.77519  2.73123  3.46354  2.40513  3.72494  3.29354  2.67741  2.69355  4.24690  2.90347  2.73739  3.18146  2.89801  2.37887  2.77519  2.98518  4.58477  3.61503
          0.02034  4.30094  5.02328  0.61958  0.77255  0.48576  0.95510
     12   2.89326  4.31178  4.41698  3.84383  3.36606  4.07347  4.41928  2.07380  3.72988  1.72027  2.87866  4.06511  4.40859  3.94735  3.91372  3.37880  2.05648  1.65372  5.04606  3.87153     12 v - - -
          2.68618  4.42225  2.77519  2.73123  3.46354  2.40513  3.72494  3.29354  2.67741  2.69355  4.24690  2.90347  2.73739  3.18146  2.89801  2.37887  2.77519  2.98518  4.58477  3.61503
          0.02034  4.30094  5.02328  0.61958  0.77255  0.48576  0.95510
     13   2.99198  5.53626  2.22941  1.09927  4.84170  3.40348  3.83081  4.33925  2.26548  3.82276  4.63644  2.86150  3.96280  2.97522  3.23121  2.89911  3.25539  3.91406  5.96675  4.50650     13 e - - -
          2.68618  4.42225  2.77519  2.73123  3.46354  2.40513  3.72494  3.29354  2.67741  2.69355  4.24690  2.90347  2.73739  3.18146  2.89801  2.37887  2.77519  2.98518  4.58477  3.61503
          0.02034  4.30094  5.02328  0.61958  0.77255  0.48576  0.95510
     14   2.44475  4.31390  3.58789  3.02253  3.47026  3.60903  3.90761  2.45783  2.96900  2.54018  2.87524  3.40190  3.44434  3.26420  3.30482  2.21595  2.28709  2.40440  4.92821  3.70135     14 s - - -
          2.68618  4.42225  2.77519  2.73123  3.46354  2.40513  3.72494  3.29354  2.67741  2.69355  4.24690  2.90347  2.73739  3.18146  2.89801  2.37887  2.77519  2.98518  4.58477  3.61503
          0.02034  4.30094  5.02328  0.61958  0.77255  0.48576  0.95510
     15   2.87891  4.35684  4.23078  3.65060  3.19935  3.97958  3.09022  2.18225  3.49979  1.20340  2.83516  3.90923  4.31121  3.74686  3.70044  3.27133  3.10685  2.44732  4.88649  3.68593     15 l - - -
          2.68618  4.42225  2.77519  2.73123  3.46354  2.40513  3.72494  3.29354  2.67741  2.69355  4.24690  2.90347  2.73739  3.18146  2.89801  2.37887  2.77519  2.98518  4.58477  3.61503
          0.02034  4.30094  5.02328  0.61958  0.77255  0.48576  0.95510
     16   2.63460  4.72364  3.08218  2.66191  4.18991  3.38159  2.92613  3.62886  2.67545  3.24696  4.07675  3.12309  1.69107  3.04318  3.08897  2.31796  2.63601  3.26465  5.47619  4.16168     16 p - - -
          2.68618  4.42225  2.77519  2.73123  3.46354  2.40513  3.72494  3.29354  2.67741  2.69355  4.24690  2.90347  2.73739  3.18146  2.89801  2.37887  2.77519  2.98518  4.58477  3.61503
          0.02034  4.30094  5.02328  0.61958  0.77255  0.48576  0.95510
     17   2.63447  4.74569  2.92946  2.69499  4.55083  2.51941  4.03662  3.99974  2.91780  3.60846  4.42668  1.26402  3.90920  3.22239  3.34861  2.71215  2.40174  3.52293  5.80260  4.47509     17 n - - -
          2.68618  4.42225  2.77519  2.73123  3.46354  2.40513  3.72494  3.29354  2.67741  2.69355  4.24690  2.90347  2.73739  3.18146  2.89801  2.37887  2.77519  2.98518  4.58477  3.61503
          0.02034  4.30094  5.02328  0.61958  0.77255  0.48576  0.95510
     18   2.00872  4.99234  2.49179  2.42468  4.35737  2.40083  3.71086  3.80292  2.23177  3.35832  4.14565  2.95462  3.85872  2.84234  2.98504  2.67626  2.56685  3.41671  5.55259  4.18088     18 a - - -
          2.68618  4.42225  2.77519  2.73123  3.46354  2.40513  3.72494  3.29354  2.67741  2.69355  4.24690  2.90347  2.73739  3.18146  2.89801  2.37887  2.77519  2.98518  4.58477  3.61503
          0.02034  4.30094  5.02328  0.61958  0.77255  0.48576  0.95510
     19   2.71123  4.74623  3.17299  2.63776  3.96462  3.54219  3.74330  3.35027  2.22949  2.98761  1.98472  2.67324  3.93873  2.68898  2.87814  2.79004  2.73467  3.06831  5.26518  3.98021     19 m - - -
          2.68618  4.42225  2.77519  2.73123  3.46354  2.40513  3.72494  3.29354  2.67741  2.69355  4.24690  2.90347  2.73739  3.18146  2.89801  2.37887  2.77519  2.98518  4.58477  3.61503
          0.02034  4.30094  5.02328  0.61958  0.77255  0.48576  0.95510
     20   4.06375  5.18267  5.02850  4.81061  0.79583  4.72522  3.62387  3.67538  4.62852  2.93195  4.24646  4.36335  5.01288  4.47022  4.56372  4.11674  4.27797  3.62257  3.72776  1.38287     20 f - - -
          2.68618  4.42225  2.77519  2.73123  3.46354  2.40513  3.72494  3.29354  2.67741  2.69355  4.24690  2.90347  2.73739  3.18146  2.89801  2.37887  2.77519  2.98518  4.58477  3.61503
          0.02034  4.30094  5.02328  0.61958  0.77255  0.48576  0.95510
     21   2.70390  4.99353  2.64207  2.47788  4.27631  3.49152  3.66053  3.70737  2.14074  3.26138  4.05855  2.99769  3.88173  2.79048  1.84300  2.70864  2.72509  3.35471  3.52038  4.10890     21 r - - -
          2.68618  4.42225  2.77519  2.73123  3.46354  2.40513  3.72494  3.29354  2.67741  2.69355  4.24690  2.90347  2.73739  3.18146  2.89801  2.37887  2.77519  2.98518  4.58477  3.61503
          0.02034  4.30094  5.02328  0.61958  0.77255  0.48576  0.95510
     22   3.24527  4.55736  5.02726  4.56958  3.79307  4.58798  5.29327  1.69707  4.44687  2.29579  3.60039  4.74800  4.94016  4.73511  4.63731  4.00953  3.53030  0.73886  5.78821  4.55339     22 v - - -
          2.68618  4.42225  2.77519  2.73123  3.46354  2.40513  3.72494  3.29354  2.67741  2.69355  4.24690  2.90347  2.73739  3.18146  2.89801  2.37887  2.77519  2.98518  4.58477  3.61503
          0.02034  4.30094  5.02328  0.61958  0.77255  0.48576  0.95510
     23   2.66567  4.78947  3.11581  2.03051  4.01204  3.50592  3.69818  3.41461  2.33122  2.48666  3.13380  3.05561  3.89240  2.86441  2.38331  2.72005  2.89387  3.11302  5.29467  3.52815     23 e - - -
          2.68618  4.42225  2.77519  2.73123  3.46354  2.40513  3.72494  3.29354  2.67741  2.69355  4.24690  2.90347  2.73739  3.18146  2.89801  2.37887  2.77519  2.98518  4.58477  3.61503
          0.02034  4.30094  5.02328  0.61958  0.77255  0.48576  0.95510
     24   3.16269  4.67118  4.46449  4.03668  3.38472  4.15415  4.72372  2.44531  3.81494  0.76733  3.25760  4.26598  4.58425  4.13535  3.99266  3.57562  2.87824  2.45977  5.31310  4.14072     24 l - - -
          2.68618  4.42225  2.77519  2.73123  3.46354  2.40513  3.72494  3.29354  2.67741  2.69355  4.24690  2.90347  2.73739  3.18146  2.89801  2.37887  2.77519  2.98518  4.58477  3.61503
          0.02034  4.30094  5.02328  0.61958  0.77255  0.48576  0.95510
     25   3.16017  5.79165  1.60704  1.02939  5.07764  3.37857  3.95074  4.62274  3.00265  4.09791  4.95868  2.83477  4.01811  3.11949  3.62545  3.02367  3.45479  4.17510  6.23565  4.70399     25 e - - -
          2.68618  4.42225  2.77519  2.73123  3.46354  2.40513  3.72494  3.29354  2.67741  2.69355  4.24690  2.90347  2.73739  3.18146  2.89801  2.37887  2.77519  2.98518  4.58477  3.61503
          0.02034  4.30094  5.02328  0.61958  0.77255  0.48576  0.95510
     26   3.15431  5.12621  3.05203  2.99189  4.56643  3.53462  4.36887  4.39624  3.32451  3.99687  4.96636  0.57825  4.21610  3.66092  3.67836  3.21627  3.56119  3.97187  5.82041  4.49832     26 N - - -
          2.68618  4.42225  2.77519  2.73123  3.46354  2.40513  3.72494  3.29354  2.67741  2.69355  4.24690  2.90347  2.73739  3.18146  2.89801  2.37887  2.77519  2.98518  4.58477  3.61503
          0.02034  4.30094  5.02328  0.61958  0.77255  0.48576  0.95510
     27   2.92028  5.46050  1.96202  2.11976  4.76702  1.75347  3.79842  4.26683  2.42783  3.75501  4.55173  2.37601  3.92986  2.93620  3.23743  2.83834  3.18152  3.83814  5.90885  4.44694     27 g - - -
          2.68618  4.42225  2.77519  2.73123  3.46354  2.40513  3.72494  3.29354  2.67741  2.69355  4.24690  2.90347  2.73739  3.18146  2.89801  2.37887  2.77519  2.98518  4.58477  3.61503
          0.02034  4.30094  5.02328  0.61958  0.77255  0.48576  0.95510
     28   2.64090  3.44746  2.68013  2.55530  3.94530  3.49241  2.56928  3.34468  2.54374  2.98149  3.81660  3.05887  3.88522  2.55885  2.98976  2.70831  2.67131  2.49790  5.25894  3.94867     28 v - - -
          2.68618  4.42225  2.77519  2.73123  3.46354  2.40513  3.72494  3.29354  2.67741  2.69355  4.24690  2.90347  2.73739  3.18146  2.89801  2.37887  2.77519  2.98518  4.58477  3.61503
          0.02034  4.30094  5.02328  0.61958  0.77255  0.48576  0.95510
     29   2.64276  4.74393  3.10552  2.10707  3.95753  3.49506  3.70465  2.84919  2.38633  2.76308  3.82275  3.05373  3.46508  2.52847  2.97261  2.70641  2.73404  2.53387  5.26491  3.95342     29 e - - -
          2.68618  4.42225  2.77519  2.73123  3.46354  2.40513  3.72494  3.29354  2.67741  2.69355  4.24690  2.90347  2.73739  3.18146  2.89801  2.37887  2.77519  2.98518  4.58477  3.61503
          0.02034  4.30094  5.02328  0.61958  0.77255  0.48576  0.95510
     30   3.30662  4.55663  5.21812  4.74075  3.81870  4.78502  5.45079  1.12261  4.64894  2.28071  3.58840  4.91991  5.05801  4.90262  4.82365  4.19966  3.57180  1.03672  5.85990  4.65041     30 v - - -
          2.68618  4.42225  2.77519  2.73123  3.46354  2.40513  3.72494  3.29354  2.67741  2.69355  4.24690  2.90347  2.73739  3.18146  2.89801  2.37887  2.77519  2.98518  4.58477  3.61503
          0.02034  4.30094  5.02328  0.61958  0.77255  0.48576  0.95510
     31   2.65101  4.69994  2.71042  2.58580  3.90260  3.50766  3.72911  2.98274  2.31481  2.01396  3.78524  2.83236  3.90070  2.91850  3.00683  2.73112  2.57193  3.00248  5.23274  3.93195     31 l - - -
          2.68618  4.42225  2.77519  2.73123  3.46354  2.40513  3.72494  3.29354  2.67741  2.69355  4.24690  2.90347  2.73739  3.18146  2.89801  2.37887  2.77519  2.98518  4.58477  3.61503
          0.02034  4.30094  5.02328  0.61958  0.77255  0.48576  0.95510
     32   1.05679  4.29657  3.75584  3.42948  4.47191  2.04138  4.44439  3.84647  3.45575  3.56446  4.38840  3.52502  3.85893  3.72675  3.75699  2.55204  2.19913  3.29969  5.82518  4.63301     32 a - - -
          2.68618  4.42225  2.77519  2.73123  3.46354  2.40513  3.72494  3.29354  2.67741  2.69355  4.24690  2.90347  2.73739  3.18146  2.89801  2.37887  2.77519  2.98518  4.58477  3.61503
          0.02034  4.30094  5.02328  0.61958  0.77255  0.48576  0.95510
     33   2.98536  4.78734  3.51611  3.05718  2.89142  3.79047  1.65773  3.38317  2.92532  2.95825  3.92898  3.43700  4.19914  3.31274  3.24895  3.09516  2.83091  3.15233  4.47085  1.85934     33 h - - -
          2.68618  4.42225  2.77519  2.73123  3.46354  2.40513  3.72494  3.29354  2.67741  2.69355  4.24690  2.90347  2.73739  3.18146  2.89801  2.37887  2.77519  2.98518  4.58477  3.61503
          0.02034  4.30094  5.02328  0.61958  0.77255  0.48576  0.95510
     34   3.32726  4.57190  5.23132  4.71900  3.66735  4.80385  5.34823  1.06347  4.62066  1.82045  3.44101  4.90534  5.03125  4.81637  4.76510  4.19482  3.57648  1.33040  5.70717  4.54513     34 i - - -
          2.68618  4.42225  2.77519  2.73123  3.46354  2.40513  3.72494  3.29354  2.67741  2.69355  4.24690  2.90347  2.73739  3.18146  2.89801  2.37887  2.77519  2.98518  4.58477  3.61503
          0.02034  4.30094  5.02328  0.61958  0.77255  0.48576  0.95510
     35   1.91637  4.32548  3.68678  3.45821  4.59101  3.09140  4.51983  3.98885  3.52925  3.71586  4.54932  3.54027  3.87414  3.80877  3.81006  0.82158  2.89938  3.39468  5.94054  4.73409     35 s - - -
          2.68618  4.42225  2.77519  2.73123  3.46354  2.40513  3.72494  3.29354  2.67741  2.69355  4.24690  2.90347  2.73739  3.18146  2.89801  2.37887  2.77519  2.98518  4.58477  3.61503
          0.02034  4.30094  5.02328  0.61958  0.77255  0.48576  0.95510
     36   3.28684  4.99754  4.04598  4.00907  5.10154  0.29542  5.08045  4.82774  4.24709  4.41812  5.41253  4.21257  4.39957  4.53809  4.41513  3.47420  3.80036  4.27270  6.06130  5.22527     36 G - - -
          2.68618  4.42225  2.77519  2.73123  3.46354  2.40513  3.72494  3.29354  2.67741  2.69355  4.24690  2.90347  2.73739  3.18146  2.89801  2.37887  2.77519  2.98518  4.58477  3.61503
          0.02034  4.30094  5.02328  0.61958  0.77255  0.48576  0.95510
     37   3.14007  5.34627  3.45597  2.83182  4.81868  3.76042  3.72554  4.17582  1.03522  3.59321  4.43840  2.80981  4.13269  2.85064  1.93728  3.11586  3.31136  3.82979  5.62341  4.43009     37 k - - -
          2.68618  4.42225  2.77519  2.73123  3.46354  2.40513  3.72494  3.29354  2.67741  2.69355  4.24690  2.90347  2.73739  3.18146  2.89801  2.37887  2.77519  2.98518  4.58477  3.61503
          0.02034  4.30094  5.02328  0.61958  0.77255  0.48576  0.95510
     38   3.33134  4.64463  5.02688  4.48681  3.35321  4.62198  5.02088  1.23603  4.32362  1.76900  1.70176  4.69381  4.85892  4.48515  4.44134  3.98952  3.57046  2.09168  5.37631  4.26522     38 i - - -
          2.68618  4.42225  2.77519  2.73123  3.46354  2.40513  3.72494  3.29354  2.67741  2.69355  4.24690  2.90347  2.73739  3.18146  2.89801  2.37887  2.77519  2.98518  4.58477  3.61503
          0.02034  4.30094  5.02328  0.61958  0.77255  0.48576  0.95510
     39   3.06656  5.22412  3.47187  2.84129  4.68920  3.72326  3.73950  4.05124  1.82007  3.51398  4.36079  3.26670  4.10961  2.87218  1.18271  2.49116  3.25850  3.71121  5.58252  4.38139     39 r - - -
          2.68618  4.42225  2.77519  2.73123  3.46354  2.40513  3.72494  3.29354  2.67741  2.69355  4.24690  2.90347  2.73739  3.18146  2.89801  2.37887  2.77519  2.98518  4.58477  3.61503
          0.02034  4.30094  5.02328  0.61958  0.77255  0.48576  0.95510
     40   2.69368  4.84257  3.13289  2.55782  4.08334  3.51993  3.25268  3.48696  2.09880  2.67929  2.71675  3.06016  3.90364  2.64611  2.34605  2.54842  2.91823  3.17720  5.33102  4.02304     40 k - - -
          2.68618  4.42225  2.77519  2.73123  3.46354  2.40513  3.72494  3.29354  2.67741  2.69355  4.24690  2.90347  2.73739  3.18146  2.89801  2.37887  2.77519  2.98518  4.58477  3.61503
          0.02034  4.30094  5.02328  0.61958  0.77255  0.48576  0.95510
     41   2.75783  5.12332  2.86226  2.42451  4.43570  3.46039  2.37929  3.89811  2.14639  3.42144  4.21049  2.13448  3.89354  2.81901  2.84293  2.21394  2.99415  3.51458  5.57725  4.20700     41 n - - -
          2.68618  4.42225  2.77519  2.73123  3.46354  2.40513  3.72494  3.29354  2.67741  2.69355  4.24690  2.90347  2.73739  3.18146  2.89801  2.37887  2.77519  2.98518  4.58477  3.61503
          0.02034  4.30094  5.02328  0.61958  0.77255  0.48576  0.95510
     42   2.67789  4.56474  3.31361  2.76263  2.93369  3.57816  3.77208  3.11891  2.71798  2.78774  3.66600  2.74212  3.96625  3.05706  2.67200  2.29981  2.91085  2.86714  4.97182  2.28407     42 y - - -
          2.68618  4.42225  2.77519  2.73123  3.46354  2.40513  3.72494  3.29354  2.67741  2.69355  4.24690  2.90347  2.73739  3.18146  2.89801  2.37887  2.77519  2.98518  4.58477  3.61503
          0.02034  4.30094  5.02328  0.61958  0.77255  0.48576  0.95510
     43   3.08841  4.46048  4.76447  4.26173  3.71415  4.34248  4.95086  0.96718  4.14123  2.31822  3.54365  4.45427  4.71981  4.41355  4.33931  3.71914  2.61600  1.64675  5.55887  4.35892     43 i - - -
          2.68618  4.42225  2.77519  2.73123  3.46354  2.40513  3.72494  3.29354  2.67741  2.69355  4.24690  2.90347  2.73739  3.18146  2.89801  2.37887  2.77519  2.98518  4.58477  3.61503
          0.02034  4.30094  5.02328  0.61958  0.77255  0.48576  0.95510
     44   3.35339  5.41996  3.86667  3.08583  4.96013  3.91500  3.76071  4.26565  1.47365  3.64603  4.53205  3.44023  4.25826  2.89119  1.01539  3.33736  3.48527  3.95439  5.62920  4.52172     44 r - - -
          2.68618  4.42225  2.77519  2.73123  3.46354  2.40513  3.72494  3.29354  2.67741  2.69355  4.24690  2.90347  2.73739  3.18146  2.89801  2.37887  2.77519  2.98518  4.58477  3.61503
          0.02034  4.30094  5.02328  0.61958  0.77255  0.48576  0.95510
     45   3.40532  4.67655  5.14743  4.65527  3.50663  4.77914  5.25155  0.86406  4.48772  1.67485  3.32278  4.86652  5.01340  4.70435  4.62650  4.18923  3.65673  1.88261  5.57905  4.39777     45 i - - -
          2.68618  4.42225  2.77519  2.73123  3.46354  2.40513  3.72494  3.29354  2.67741  2.69355  4.24690  2.90347  2.73739  3.18146  2.89801  2.37887  2.77519  2.98518  4.58477  3.61503
          0.02034  4.30094  5.02328  0.61958  0.77255  0.48576  0.95510
     46   3.58424  4.86537  5.22436  4.69751  3.22947  4.87362  5.20097  1.89342  4.51073  0.68749  3.02251  4.94265  5.02159  4.60698  4.59385  4.27176  3.81213  2.33968  5.38998  4.31029     46 L - - -
          2.68618  4.42225  2.77519  2.73123  3.46354  2.40513  3.72494  3.29354  2.67741  2.69355  4.24690  2.90347  2.73739  3.18146  2.89801  2.37887  2.77519  2.98518  4.58477  3.61503
          0.02034  4.30094  5.02328  0.61958  0.77255  0.48576  0.95510
     47   2.59464  4.47091  3.52541  3.06680  3.93101  3.40882  4.08528  3.18516  2.97899  2.90136  3.15463  3.40478  1.38722  3.34989  3.31643  2.77357  2.44851  2.91028  5.36892  4.12230     47 p - - -
          2.68618  4.42225  2.77519  2.73123  3.46354  2.40513  3.72494  3.29354  2.67741  2.69355  4.24690  2.90347  2.73739  3.18146  2.89801  2.37887  2.77519  2.98518  4.58477  3.61503
          0.02034  4.30094  5.02328  0.61958  0.77255  0.48576  0.95510
     48   2.99182  5.02915  2.89043  2.36734  4.80180  0.76146  4.27782  4.29798  3.22854  3.90984  4.80346  3.29344  4.10925  3.51199  3.63081  3.05163  3.39199  3.84770  5.97573  4.73555     48 g - - -
          2.68618  4.42225  2.77519  2.73123  3.46354  2.40513  3.72494  3.29354  2.67741  2.69355  4.24690  2.90347  2.73739  3.18146  2.89801  2.37887  2.77519  2.98518  4.58477  3.61503
          0.02034  4.30094  5.02328  0.61958  0.77255  0.48576  0.95510
     49   3.51825  5.64533  0.45813  2.71227  5.09589  3.59814  4.39426  4.79658  3.57125  4.33322  5.34156  3.28295  4.28156  3.64809  4.13033  3.44579  3.87246  4.39576  6.17128  4.92461     49 D - - -
          2.68618  4.42225  2.77519  2.73123  3.46354  2.40513  3.72494  3.29354  2.67741  2.69355  4.24690  2.90347  2.73739  3.18146  2.89801  2.37887  2.77519  2.98518  4.58477  3.61503
          0.02034  4.30094  5.02328  0.61958  0.77255  0.48576  0.95510
     50   2.80015  4.89395  3.29343  2.68270  4.15145  3.60562  3.71897  3.51448  1.71089  3.11357  3.07851  3.15571  3.98015  2.87920  1.93164  2.85173  3.01310  2.69850  5.35540  4.08637     50 k - - -
          2.68618  4.42225  2.77519  2.73123  3.46354  2.40513  3.72494  3.29354  2.67741  2.69355  4.24690  2.90347  2.73739  3.18146  2.89801  2.37887  2.77519  2.98518  4.58477  3.61503
          0.02034  4.30094  5.02328  0.61958  0.77255  0.48576  0.95510
     51   3.16651  4.61545  4.70579  4.40230  3.90771  4.15405  5.14498  2.13338  4.27893  2.53136  3.82517  4.51925  4.70561  4.61691  4.44835  3.70112  3.52667  0.61325  5.75752  4.50853     51 V - - -
          2.68618  4.42225  2.77519  2.73123  3.46354  2.40513  3.72494  3.29354  2.67741  2.69355  4.24690  2.90347  2.73739  3.18146  2.89801  2.37887  2.77519  2.98518  4.58477  3.61503
          0.02034  4.30094  5.02328  0.61958  0.77255  0.48576  0.95510
     52   2.67546  5.11292  2.54359  2.15113  4.42940  3.43013  3.63683  3.89381  1.88188  3.40395  4.16549  2.90880  3.83688  2.58223  2.86475  2.64838  2.33952  3.14824  5.56079  4.16839     52 k - - -
          2.68618  4.42225  2.77519  2.73123  3.46354  2.40513  3.72494  3.29354  2.67741  2.69355  4.24690  2.90347  2.73739  3.18146  2.89801  2.37887  2.77519  2.98518  4.58477  3.61503
          0.02034  4.30094  5.02328  0.61958  0.77255  0.48576  0.95510
     53   3.29553  4.55361  5.18681  4.71030  3.81945  4.75644  5.42404  1.34208  4.61530  2.29026  3.59406  4.89111  5.04017  4.87495  4.79427  4.17029  3.56274  0.87544  5.85033  4.63628     53 v - - -
          2.68618  4.42225  2.77519  2.73123  3.46354  2.40513  3.72494  3.29354  2.67741  2.69355  4.24690  2.90347  2.73739  3.18146  2.89801  2.37887  2.77519  2.98518  4.58477  3.61503
          0.02034  4.30094  5.02328  0.61958  0.77255  0.48576  0.95510
     54   2.92340  5.11470  2.75749  1.01483  4.41827  3.48004  3.93669  3.66109  2.76910  3.38448  4.33043  3.07339  4.02631  3.11316  3.20431  2.93594  3.21164  2.85170  5.71931  4.34891     54 e - - -
          2.68618  4.42225  2.77519  2.73123  3.46354  2.40513  3.72494  3.29354  2.67741  2.69355  4.24690  2.90347  2.73739  3.18146  2.89801  2.37887  2.77519  2.98518  4.58477  3.61503
          0.02034  4.30094  5.02328  0.61958  0.77255  0.48576  0.95510
     55   3.22857  4.53493  5.07248  4.49023  2.55022  4.50940  4.84682  1.77287  4.34449  1.21483  2.73175  4.62037  4.73841  4.40888  4.38842  3.84896  3.45292  1.76129  5.16884  4.08040     55 l - - -
          2.68618  4.42225  2.77519  2.73123  3.46354  2.40513  3.72494  3.29354  2.67741  2.69355  4.24690  2.90347  2.73739  3.18146  2.89801  2.37887  2.77519  2.98518  4.58477  3.61503
          0.02034  4.30094  5.02328  0.61958  0.77255  0.48576  0.95510
     56   2.40635  4.35114  3.64150  3.38639  4.53594  3.11714  4.45400  3.92892  3.42368  3.65201  4.49358  3.51194  3.88236  3.73194  3.71506  0.83741  2.27577  3.36943  5.88371  4.66403     56 s - - -
          2.68618  4.42225  2.77519  2.73123  3.46354  2.40513  3.72494  3.29354  2.67741  2.69355  4.24690  2.90347  2.73739  3.18146  2.89801  2.37887  2.77519  2.98518  4.58477  3.61503
          0.02034  4.30094  5.02328  0.61958  0.77255  0.48576  0.95510
     57   2.42284  4.75090  3.28288  2.82759  4.34130  3.42372  3.91793  3.73726  2.56878  3.34362  4.19376  3.23972  1.49302  3.09710  2.13247  2.79092  3.02590  3.36223  5.55628  4.29182     57 p - - -
          2.68618  4.42225  2.77519  2.73123  3.46354  2.40513  3.72494  3.29354  2.67741  2.69355  4.24690  2.90347  2.73739  3.18146  2.89801  2.37887  2.77519  2.98518  4.58477  3.61503
          0.02034  4.30094  5.02328  0.61958  0.77255  0.48576  0.95510
     58   4.06786  5.20648  4.95874  4.73324  1.68523  4.70495  3.62029  3.71911  4.55925  2.98092  4.29643  4.33748  5.00349  4.43982  4.52648  4.10114  4.28644  3.65791  3.73027  0.65626     58 Y - - -
          2.68618  4.42225  2.77519  2.73123  3.46354  2.40513  3.72494  3.29354  2.67741  2.69355  4.24690  2.90347  2.73739  3.18146  2.89801  2.37887  2.77519  2.98518  4.58477  3.61503
          0.02034  4.30094  5.02328  0.61958  0.77255  0.48576  0.95510
     59   3.16277  5.72586  0.93865  2.26471  5.04363  3.36812  3.99121  4.63793  3.07930  4.12846  5.00556  2.02219  4.02937  3.17285  3.70881  3.03840  3.47882  4.18221  6.24256  4.70514     59 d - - -
          2.68618  4.42225  2.77519  2.73123  3.46354  2.40513  3.72494  3.29354  2.67741  2.69355  4.24690  2.90347  2.73739  3.18146  2.89801  2.37887  2.77519  2.98518  4.58477  3.61503
          0.02034  4.30094  5.02328  0.61958  0.77255  0.48576  0.95510
     60   2.81678  4.38804  4.02714  3.48603  3.34828  3.83554  4.21148  2.58541  3.34425  1.22360  2.88364  3.77659  4.23795  3.64327  3.59052  2.33288  3.07643  2.48323  4.99902  3.79096     60 l - - -
          2.68618  4.42225  2.77519  2.73123  3.46354  2.40513  3.72494  3.29354  2.67741  2.69355  4.24690  2.90347  2.73739  3.18146  2.89801  2.37887  2.77519  2.98518  4.58477  3.61503
          0.02034  4.30094  5.02328  0.61958  0.77255  0.48576  0.95510
     61   2.62610  4.69133  3.17563  2.73353  4.24072  3.37652  3.89234  3.63468  2.26326  3.26797  4.10084  3.17037  3.91141  3.07426  3.04384  1.99765  1.56470  3.26348  5.50841  4.21894     61 t - - -
          2.68618  4.42225  2.77519  2.73123  3.46354  2.40513  3.72494  3.29354  2.67741  2.69355  4.24690  2.90347  2.73739  3.18146  2.89801  2.37887  2.77519  2.98518  4.58477  3.61503
          0.02034  4.30094  5.02328  0.61958  0.77255  0.48576  0.95510
     62   3.05818  5.14200  3.57997  2.87971  4.48111  3.76776  3.73171  3.82951  1.54654  2.25202  4.21251  3.29780  4.11969  2.87569  1.56957  3.08193  3.23403  3.53844  5.47971  4.27924     62 k - - -
          2.68618  4.42225  2.77519  2.73123  3.46354  2.40513  3.72494  3.29354  2.67741  2.69355  4.24690  2.90347  2.73739  3.18146  2.89801  2.37887  2.77519  2.98518  4.58477  3.61503
          0.02034  4.30094  5.02328  0.61958  0.77255  0.48576  0.95510
     63   3.28684  4.99754  4.04598  4.00907  5.10154  0.29542  5.08045  4.82774  4.24709  4.41812  5.41253  4.21257  4.39957  4.53809  4.41513  3.47420  3.80036  4.27270  6.06130  5.22527     63 G - - -
          2.68618  4.42225  2.77519  2.73123  3.46354  2.40513  3.72494  3.29354  2.67741  2.69355  4.24690  2.90347  2.73739  3.18146  2.89801  2.37887  2.77519  2.98518  4.58477  3.61503
          0.02034  4.30094  5.02328  0.61958  0.77255  0.48576  0.95510
     64   3.56323  5.32787  4.10394  3.55008  4.79666  3.93885  4.23476  4.38882  2.54109  3.82628  4.83290  3.86728  4.43676  3.44948  0.48450  3.63828  3.81013  4.09813  5.71402  4.65151     64 R - - -
          2.68618  4.42225  2.77519  2.73123  3.46354  2.40513  3.72494  3.29354  2.67741  2.69355  4.24690  2.90347  2.73739  3.18146  2.89801  2.37887  2.77519  2.98518  4.58477  3.61503
          0.02034  4.30094  5.02328  0.61958  0.77255  0.48576  0.95510
     65   3.38482  4.71229  4.90748  4.55666  3.70391  4.50401  5.22695  0.66331  4.39525  2.22293  3.59402  4.74672  4.91329  4.71217  4.54657  4.06049  3.68378  1.95479  5.66865  4.43181     65 I - - -
          2.68618  4.42225  2.77519  2.73123  3.46354  2.40513  3.72494  3.29354  2.67741  2.69355  4.24690  2.90347  2.73739  3.18146  2.89801  2.37887  2.77519  2.98518  4.58477  3.61503
          0.02034  4.30094  5.02328  0.61958  0.77255  0.48576  0.95510
     66   2.98237  4.38888  4.56409  4.03187  3.64577  4.19538  4.71058  1.45625  3.92738  2.36680  3.51475  4.24919  4.57306  4.18886  4.14085  3.54086  1.93027  1.45869  5.38090  4.17793     66 i - - -
          2.68618  4.42225  2.77519  2.73123  3.46354  2.40513  3.72494  3.29354  2.67741  2.69355  4.24690  2.90347  2.73739  3.18146  2.89801  2.37887  2.77519  2.98518  4.58477  3.61503
          0.02034  4.30094  5.02328  0.61958  0.77255  0.48576  0.95510
     67   3.43514  4.86326  4.34121  3.91077  1.64522  4.27638  3.67951  3.37867  3.78235  2.83400  3.96368  3.97171  4.61542  2.69847  3.96317  3.59652  3.65907  3.23522  3.93493  1.09916     67 y - - -
          2.68618  4.42225  2.77519  2.73123  3.46354  2.40513  3.72494  3.29354  2.67741  2.69355  4.24690  2.90347  2.73739  3.18146  2.89801  2.37887  2.77519  2.98518  4.58477  3.61503
          0.02034  4.30094  5.02328  0.61958  0.77255  0.48576  0.95510
     68   3.56323  5.32787  4.10394  3.55008  4.79666  3.93885  4.23476  4.38882  2.54109  3.82628  4.83290  3.86728  4.43676  3.44948  0.48450  3.63828  3.81013  4.09813  5.71402  4.65151     68 R - - -
          2.68618  4.42225  2.77519  2.73123  3.46354  2.40513  3.72494  3.29354  2.67741  2.69355  4.24690  2.90347  2.73739  3.18146  2.89801  2.37887  2.77519  2.98518  4.58477  3.61503
          0.02034  4.30094  5.02328  0.61958  0.77255  0.48576  0.95510
     69   2.65427  4.46976  3.38863  2.82506  3.19053  3.58975  3.08604  2.99383  2.29962  2.02250  3.56753  3.26344  3.97127  3.10118  3.14784  2.51648  2.88506  2.75528  4.97485  3.04454     69 l - - -
          2.68618  4.42225  2.77519  2.73123  3.46354  2.40513  3.72494  3.29354  2.67741  2.69355  4.24690  2.90347  2.73739  3.18146  2.89801  2.37887  2.77519  2.98518  4.58477  3.61503
          0.01374  4.29433        *  0.61958  0.77255  0.00000        *
//
