HMMER3/f [3.1b2 | February 2015]
NAME  PRK10324.1
ACC   NF007654.0
DESC  NCBI Protein Cluster (PRK): ribosome-associated translation inhibitor RaiA
LENG  113
ALPH  amino
RF    no
MM    no
CONS  yes
CS    no
MAP   yes
DATE  Wed Nov 22 16:21:36 2017
NSEQ  61
EFFN  0.443054
CKSUM 3221419561
GA    158 158
TC    158 158
NC    158 158
STATS LOCAL MSV      -10.1159  0.71472
STATS LOCAL VITERBI  -10.3318  0.71472
STATS LOCAL FORWARD   -3.8363  0.71472
HMM          A        C        D        E        F        G        H        I        K        L        M        N        P        Q        R        S        T        V        W        Y
            m->m     m->i     m->d     i->m     i->i     d->m     d->d
  COMPO   2.43263  4.53583  2.94636  2.59965  3.53699  3.00907  3.50844  2.71754  2.61950  2.47078  3.62791  2.95116  3.37072  3.07077  2.91887  2.72764  2.79837  2.64275  4.73641  3.76984
          2.68637  4.42244  2.77531  2.73103  3.46328  2.40526  3.72495  3.29336  2.67737  2.69354  4.24602  2.90357  2.73744  3.18142  2.89768  2.37899  2.77528  2.98518  4.58496  3.61505
          0.13508  2.24704  3.88037  2.11533  0.12851  0.00000        *
      1   2.82372  4.42514  3.91277  3.48011  3.22769  3.74074  4.27351  2.32924  3.25632  1.82742  1.66246  3.76770  4.20620  3.64681  3.48641  3.15359  3.03911  2.29860  5.04996  3.81406     27 m - - -
          2.68618  4.42225  2.77519  2.73123  3.46354  2.40513  3.72494  3.29354  2.67741  2.69355  4.24690  2.90347  2.73739  3.18146  2.89801  2.37887  2.77519  2.98518  4.58477  3.61503
          0.03318  3.81808  4.54043  0.61958  0.77255  0.49453  0.94124
      2   2.38547  4.23005  3.38175  3.13257  3.92270  3.07078  4.15378  3.04328  3.07445  2.90865  3.96362  3.34991  3.77066  3.47229  3.33508  2.58625  1.26762  2.74408  5.36537  4.13966     28 t - - -
          2.68618  4.42225  2.77519  2.73123  3.46354  2.40513  3.72494  3.29354  2.67741  2.69355  4.24690  2.90347  2.73739  3.18146  2.89801  2.37887  2.77519  2.98518  4.58477  3.61503
          0.03318  3.81808  4.54043  0.61958  0.77255  0.48032  0.96387
      3   2.89651  4.46037  4.04870  3.59657  3.16145  3.84996  4.34392  2.27547  3.36946  1.72981  1.63181  3.87701  4.28512  3.73500  3.59022  3.25559  3.19460  2.23331  5.03513  3.79364     29 m - - -
          2.68618  4.42225  2.77519  2.73123  3.46354  2.40513  3.72494  3.29354  2.67741  2.69355  4.24690  2.90347  2.73739  3.18146  2.89801  2.37887  2.77519  2.98518  4.58477  3.61503
          0.03284  3.82821  4.55056  0.61958  0.77255  0.48576  0.95510
      4   2.68805  4.68185  2.68626  2.56768  4.03855  3.15530  3.88750  3.74015  2.78792  3.39231  4.34843  1.23891  3.80536  3.16084  3.14050  2.75736  3.06886  3.36684  5.34967  3.99057     30 n - - -
          2.68618  4.42225  2.77519  2.73123  3.46354  2.40513  3.72494  3.29354  2.67741  2.69355  4.24690  2.90347  2.73739  3.18146  2.89801  2.37887  2.77519  2.98518  4.58477  3.61503
          0.03284  3.82821  4.55056  0.61958  0.77255  0.48576  0.95510
      5   2.99673  4.42881  4.27121  3.88598  3.34522  4.01743  4.62286  1.13450  3.71320  1.94125  3.28842  4.13757  4.45361  4.06654  3.91488  3.50911  3.29700  1.84702  5.22632  3.96024     31 i - - -
          2.68618  4.42225  2.77519  2.73123  3.46354  2.40513  3.72494  3.29354  2.67741  2.69355  4.24690  2.90347  2.73739  3.18146  2.89801  2.37887  2.77519  2.98518  4.58477  3.61503
          0.03284  3.82821  4.55056  0.61958  0.77255  0.48576  0.95510
      6   2.39034  4.23506  3.39021  3.14111  3.93114  3.07555  4.16162  3.05293  3.08320  2.91796  3.97199  3.35704  3.77611  3.48045  3.34353  2.59121  1.24923  2.75264  5.37289  4.14801     32 t - - -
          2.68618  4.42225  2.77519  2.73123  3.46354  2.40513  3.72494  3.29354  2.67741  2.69355  4.24690  2.90347  2.73739  3.18146  2.89801  2.37887  2.77519  2.98518  4.58477  3.61503
          0.03284  3.82821  4.55056  0.61958  0.77255  0.48576  0.95510
      7   2.29459  4.21396  3.16928  2.98380  4.03263  2.94473  4.09449  3.54962  3.05455  3.27358  4.20394  3.21516  3.68005  3.40752  3.34140  1.15980  2.77155  3.09444  5.40885  4.11611     33 s - - -
          2.68618  4.42225  2.77519  2.73123  3.46354  2.40513  3.72494  3.29354  2.67741  2.69355  4.24690  2.90347  2.73739  3.18146  2.89801  2.37887  2.77519  2.98518  4.58477  3.61503
          0.03284  3.82821  4.55056  0.61958  0.77255  0.48576  0.95510
      8   2.93282  4.89323  3.10577  2.73655  4.26953  3.42620  3.73674  3.69621  1.10057  3.27137  4.23596  3.16270  3.93030  2.93129  2.42612  2.97816  3.18978  3.40676  5.34299  4.14967     34 k - - -
          2.68618  4.42225  2.77519  2.73123  3.46354  2.40513  3.72494  3.29354  2.67741  2.69355  4.24690  2.90347  2.73739  3.18146  2.89801  2.37887  2.77519  2.98518  4.58477  3.61503
          0.03284  3.82821  4.55056  0.61958  0.77255  0.48576  0.95510
      9   2.84730  4.83014  2.87543  2.63039  3.99258  3.33771  3.78799  3.61736  2.45448  3.12403  4.15403  3.08939  3.89111  1.31493  2.73915  2.89734  3.14472  3.35006  5.27290  3.96398     35 q - - -
          2.68618  4.42225  2.77519  2.73123  3.46354  2.40513  3.72494  3.29354  2.67741  2.69355  4.24690  2.90347  2.73739  3.18146  2.89801  2.37887  2.77519  2.98518  4.58477  3.61503
          0.03284  3.82821  4.55056  0.61958  0.77255  0.48576  0.95510
     10   2.93543  4.49151  4.00231  3.59308  3.19001  3.80110  4.33851  2.36126  3.36332  1.79198  1.46549  3.87584  4.26204  3.74848  3.57371  3.27962  3.24018  2.36207  5.02454  3.78203     36 m - - -
          2.68618  4.42225  2.77519  2.73123  3.46354  2.40513  3.72494  3.29354  2.67741  2.69355  4.24690  2.90347  2.73739  3.18146  2.89801  2.37887  2.77519  2.98518  4.58477  3.61503
          0.03284  3.82821  4.55056  0.61958  0.77255  0.48576  0.95510
     11   2.91576  5.01555  2.47146  1.09006  4.35646  3.24661  3.83065  3.80160  2.70570  3.42624  4.40309  2.91022  3.84935  3.04779  3.10930  2.90321  3.21995  3.49035  5.53646  4.25963     37 e - - -
          2.68618  4.42225  2.77519  2.73123  3.46354  2.40513  3.72494  3.29354  2.67741  2.69355  4.24690  2.90347  2.73739  3.18146  2.89801  2.37887  2.77519  2.98518  4.58477  3.61503
          0.03284  3.82821  4.55056  0.61958  0.77255  0.48576  0.95510
     12   2.99673  4.42881  4.27121  3.88598  3.34522  4.01743  4.62286  1.13450  3.71320  1.94125  3.28842  4.13757  4.45361  4.06654  3.91488  3.50911  3.29700  1.84702  5.22632  3.96024     38 i - - -
          2.68618  4.42225  2.77519  2.73123  3.46354  2.40513  3.72494  3.29354  2.67741  2.69355  4.24690  2.90347  2.73739  3.18146  2.89801  2.37887  2.77519  2.98518  4.58477  3.61503
          0.03284  3.82821  4.55056  0.61958  0.77255  0.48576  0.95510
     13   2.39034  4.23506  3.39021  3.14111  3.93114  3.07555  4.16162  3.05293  3.08320  2.91796  3.97199  3.35704  3.77611  3.48045  3.34353  2.59121  1.24923  2.75264  5.37289  4.14801     39 t - - -
          2.68618  4.42225  2.77519  2.73123  3.46354  2.40513  3.72494  3.29354  2.67741  2.69355  4.24690  2.90347  2.73739  3.18146  2.89801  2.37887  2.77519  2.98518  4.58477  3.61503
          0.03284  3.82821  4.55056  0.61958  0.77255  0.48576  0.95510
     14   2.69530  4.45914  3.29785  3.13113  4.12870  3.14919  4.21162  3.66344  3.18477  3.29482  4.34333  3.44190  0.91417  3.57494  3.43468  2.86159  3.13357  3.31379  5.32669  4.24902     40 p - - -
          2.68618  4.42225  2.77519  2.73123  3.46354  2.40513  3.72494  3.29354  2.67741  2.69355  4.24690  2.90347  2.73739  3.18146  2.89801  2.37887  2.77519  2.98518  4.58477  3.61503
          0.03284  3.82821  4.55056  0.61958  0.77255  0.48576  0.95510
     15   1.17206  4.13468  3.39378  3.16896  4.00886  2.96986  4.20712  3.08632  3.17720  2.98889  4.00698  3.32438  3.70831  3.52137  3.44078  2.46293  2.68834  2.74153  5.47012  4.24026     41 a - - -
          2.68618  4.42225  2.77519  2.73123  3.46354  2.40513  3.72494  3.29354  2.67741  2.69355  4.24690  2.90347  2.73739  3.18146  2.89801  2.37887  2.77519  2.98518  4.58477  3.61503
          0.03284  3.82821  4.55056  0.61958  0.77255  0.48576  0.95510
     16   2.99673  4.42881  4.27121  3.88598  3.34522  4.01743  4.62286  1.13450  3.71320  1.94125  3.28842  4.13757  4.45361  4.06654  3.91488  3.50911  3.29700  1.84702  5.22632  3.96024     42 i - - -
          2.68618  4.42225  2.77519  2.73123  3.46354  2.40513  3.72494  3.29354  2.67741  2.69355  4.24690  2.90347  2.73739  3.18146  2.89801  2.37887  2.77519  2.98518  4.58477  3.61503
          0.03284  3.82821  4.55056  0.61958  0.77255  0.48576  0.95510
     17   2.95694  4.79764  3.44322  2.96460  4.14103  3.45240  3.79462  3.68033  2.22305  3.20438  4.20647  3.32733  3.95782  3.01781  1.04826  3.04369  3.22636  3.40638  5.24247  4.07877     43 r - - -
          2.68618  4.42225  2.77519  2.73123  3.46354  2.40513  3.72494  3.29354  2.67741  2.69355  4.24690  2.90347  2.73739  3.18146  2.89801  2.37887  2.77519  2.98518  4.58477  3.61503
          0.03284  3.82821  4.55056  0.61958  0.77255  0.48576  0.95510
     18   2.84730  4.83014  2.87543  2.63039  3.99258  3.33771  3.78799  3.61736  2.45448  3.12403  4.15403  3.08939  3.89111  1.31493  2.73915  2.89734  3.14472  3.35006  5.27290  3.96398     44 q - - -
          2.68618  4.42225  2.77519  2.73123  3.46354  2.40513  3.72494  3.29354  2.67741  2.69355  4.24690  2.90347  2.73739  3.18146  2.89801  2.37887  2.77519  2.98518  4.58477  3.61503
          0.03284  3.82821  4.55056  0.61958  0.77255  0.48576  0.95510
     19   2.94886  4.77287  3.08480  2.84104  3.25548  3.41162  1.23939  3.64484  2.68539  3.14408  4.18418  3.25186  3.96211  3.20692  2.95337  3.02018  3.25104  3.38089  4.72099  3.20774     45 h - - -
          2.68618  4.42225  2.77519  2.73123  3.46354  2.40513  3.72494  3.29354  2.67741  2.69355  4.24690  2.90347  2.73739  3.18146  2.89801  2.37887  2.77519  2.98518  4.58477  3.61503
          0.03284  3.82821  4.55056  0.61958  0.77255  0.48576  0.95510
     20   2.77336  4.32905  4.06338  3.72592  3.51863  3.67726  4.53556  2.05530  3.59299  2.21393  3.49131  3.92262  4.24080  3.95635  3.80961  3.17864  3.13635  1.08272  5.29531  4.02382     46 v - - -
          2.68618  4.42225  2.77519  2.73123  3.46354  2.40513  3.72494  3.29354  2.67741  2.69355  4.24690  2.90347  2.73739  3.18146  2.89801  2.37887  2.77519  2.98518  4.58477  3.61503
          0.03284  3.82821  4.55056  0.61958  0.77255  0.48576  0.95510
     21   1.24711  4.24854  3.17708  2.85393  4.00723  3.04732  4.07557  3.13434  2.99614  3.01125  3.99519  3.22858  3.74156  3.36057  3.29624  2.53922  2.79897  2.80251  5.41936  4.17957     47 a - - -
          2.68618  4.42225  2.77519  2.73123  3.46354  2.40513  3.72494  3.29354  2.67741  2.69355  4.24690  2.90347  2.73739  3.18146  2.89801  2.37887  2.77519  2.98518  4.58477  3.61503
          0.03284  3.82821  4.55056  0.61958  0.77255  0.48576  0.95510
     22   2.94336  5.06261  0.98366  2.31006  4.43402  3.17830  3.89410  4.01241  2.97019  3.62901  4.60692  2.86387  3.82806  3.13375  3.47974  2.91129  3.28128  3.65659  5.61117  4.31525     48 d - - -
          2.68618  4.42225  2.77519  2.73123  3.46354  2.40513  3.72494  3.29354  2.67741  2.69355  4.24690  2.90347  2.73739  3.18146  2.89801  2.37887  2.77519  2.98518  4.58477  3.61503
          0.03284  3.82821  4.55056  0.61958  0.77255  0.48576  0.95510
     23   2.95694  4.79764  3.44322  2.96460  4.14103  3.45240  3.79462  3.68033  2.22305  3.20438  4.20647  3.32733  3.95782  3.01781  1.04826  3.04369  3.22636  3.40638  5.24247  4.07877     49 r - - -
          2.68618  4.42225  2.77519  2.73123  3.46354  2.40513  3.72494  3.29354  2.67741  2.69355  4.24690  2.90347  2.73739  3.18146  2.89801  2.37887  2.77519  2.98518  4.58477  3.61503
          0.03284  3.82821  4.55056  0.61958  0.77255  0.48576  0.95510
     24   3.10637  4.58222  4.11805  3.75852  3.12022  3.92522  4.42817  2.32284  3.52667  0.93171  3.15849  4.03819  4.36875  3.90562  3.70965  3.49210  3.40295  2.34852  4.98263  3.69546     50 l - - -
          2.68618  4.42225  2.77519  2.73123  3.46354  2.40513  3.72494  3.29354  2.67741  2.69355  4.24690  2.90347  2.73739  3.18146  2.89801  2.37887  2.77519  2.98518  4.58477  3.61503
          0.03284  3.82821  4.55056  0.61958  0.77255  0.48576  0.95510
     25   1.07951  4.17137  3.41878  3.20893  4.00933  2.99690  4.23606  3.12833  3.22407  3.01187  4.04927  3.36938  3.73202  3.56950  3.47715  2.52240  2.79673  2.79044  5.44096  4.23646     51 a - - -
          2.68618  4.42225  2.77519  2.73123  3.46354  2.40513  3.72494  3.29354  2.67741  2.69355  4.24690  2.90347  2.73739  3.18146  2.89801  2.37887  2.77519  2.98518  4.58477  3.61503
          0.03284  3.82821  4.55056  0.61958  0.77255  0.48576  0.95510
     26   2.93282  4.89323  3.10577  2.73655  4.26953  3.42620  3.73674  3.69621  1.10057  3.27137  4.23596  3.16270  3.93030  2.93129  2.42612  2.97816  3.18978  3.40676  5.34299  4.14967     52 k - - -
          2.68618  4.42225  2.77519  2.73123  3.46354  2.40513  3.72494  3.29354  2.67741  2.69355  4.24690  2.90347  2.73739  3.18146  2.89801  2.37887  2.77519  2.98518  4.58477  3.61503
          0.03284  3.82821  4.55056  0.61958  0.77255  0.48576  0.95510
     27   3.10637  4.58222  4.11805  3.75852  3.12022  3.92522  4.42817  2.32284  3.52667  0.93171  3.15849  4.03819  4.36875  3.90562  3.70965  3.49210  3.40295  2.34852  4.98263  3.69546     53 l - - -
          2.68618  4.42225  2.77519  2.73123  3.46354  2.40513  3.72494  3.29354  2.67741  2.69355  4.24690  2.90347  2.73739  3.18146  2.89801  2.37887  2.77519  2.98518  4.58477  3.61503
          0.03284  3.82821  4.55056  0.61958  0.77255  0.48576  0.95510
     28   2.83989  5.24457  2.01727  1.34499  4.54187  3.17982  3.70353  4.01223  2.66286  3.58004  4.45241  2.68366  3.78288  2.87937  3.19087  2.76237  3.12690  3.63312  5.74108  4.30747     54 e - - -
          2.68618  4.42225  2.77519  2.73123  3.46354  2.40513  3.72494  3.29354  2.67741  2.69355  4.24690  2.90347  2.73739  3.18146  2.89801  2.37887  2.77519  2.98518  4.58477  3.61503
          0.03284  3.82821  4.55056  0.61958  0.77255  0.48576  0.95510
     29   2.93282  4.89323  3.10577  2.73655  4.26953  3.42620  3.73674  3.69621  1.10057  3.27137  4.23596  3.16270  3.93030  2.93129  2.42612  2.97816  3.18978  3.40676  5.34299  4.14967     55 k - - -
          2.68618  4.42225  2.77519  2.73123  3.46354  2.40513  3.72494  3.29354  2.67741  2.69355  4.24690  2.90347  2.73739  3.18146  2.89801  2.37887  2.77519  2.98518  4.58477  3.61503
          0.03284  3.82821  4.55056  0.61958  0.77255  0.48576  0.95510
     30   3.26444  4.65447  4.02500  3.72071  2.62430  3.68181  3.84803  3.28686  3.44415  2.68906  3.92264  3.87887  4.19605  3.83413  3.58005  3.46851  3.56278  3.17598  0.97951  2.62884     56 w - - -
          2.68618  4.42225  2.77519  2.73123  3.46354  2.40513  3.72494  3.29354  2.67741  2.69355  4.24690  2.90347  2.73739  3.18146  2.89801  2.37887  2.77519  2.98518  4.58477  3.61503
          0.03284  3.82821  4.55056  0.61958  0.77255  0.48576  0.95510
     31   2.84730  4.83014  2.87543  2.63039  3.99258  3.33771  3.78799  3.61736  2.45448  3.12403  4.15403  3.08939  3.89111  1.31493  2.73915  2.89734  3.14472  3.35006  5.27290  3.96398     57 q - - -
          2.68618  4.42225  2.77519  2.73123  3.46354  2.40513  3.72494  3.29354  2.67741  2.69355  4.24690  2.90347  2.73739  3.18146  2.89801  2.37887  2.77519  2.98518  4.58477  3.61503
          0.03284  3.82821  4.55056  0.61958  0.77255  0.48576  0.95510
     32   2.39034  4.23506  3.39021  3.14111  3.93114  3.07555  4.16162  3.05293  3.08320  2.91796  3.97199  3.35704  3.77611  3.48045  3.34353  2.59121  1.24923  2.75264  5.37289  4.14801     58 t - - -
          2.68618  4.42225  2.77519  2.73123  3.46354  2.40513  3.72494  3.29354  2.67741  2.69355  4.24690  2.90347  2.73739  3.18146  2.89801  2.37887  2.77519  2.98518  4.58477  3.61503
          0.03284  3.82821  4.55056  0.61958  0.77255  0.48576  0.95510
     33   2.94886  4.77287  3.08480  2.84104  3.25548  3.41162  1.23939  3.64484  2.68539  3.14408  4.18418  3.25186  3.96211  3.20692  2.95337  3.02018  3.25104  3.38089  4.72099  3.20774     59 h - - -
          2.68618  4.42225  2.77519  2.73123  3.46354  2.40513  3.72494  3.29354  2.67741  2.69355  4.24690  2.90347  2.73739  3.18146  2.89801  2.37887  2.77519  2.98518  4.58477  3.61503
          0.03284  3.82821  4.55056  0.61958  0.77255  0.48576  0.95510
     34   3.10637  4.58222  4.11805  3.75852  3.12022  3.92522  4.42817  2.32284  3.52667  0.93171  3.15849  4.03819  4.36875  3.90562  3.70965  3.49210  3.40295  2.34852  4.98263  3.69546     60 l - - -
          2.68618  4.42225  2.77519  2.73123  3.46354  2.40513  3.72494  3.29354  2.67741  2.69355  4.24690  2.90347  2.73739  3.18146  2.89801  2.37887  2.77519  2.98518  4.58477  3.61503
          0.03284  3.82821  4.55056  0.61958  0.77255  0.48576  0.95510
     35   2.99673  4.42881  4.27121  3.88598  3.34522  4.01743  4.62286  1.13450  3.71320  1.94125  3.28842  4.13757  4.45361  4.06654  3.91488  3.50911  3.29700  1.84702  5.22632  3.96024     61 i - - -
          2.68618  4.42225  2.77519  2.73123  3.46354  2.40513  3.72494  3.29354  2.67741  2.69355  4.24690  2.90347  2.73739  3.18146  2.89801  2.37887  2.77519  2.98518  4.58477  3.61503
          0.03284  3.82821  4.55056  0.61958  0.77255  0.48576  0.95510
     36   2.68805  4.68185  2.68626  2.56768  4.03855  3.15530  3.88750  3.74015  2.78792  3.39231  4.34843  1.23891  3.80536  3.16084  3.14050  2.75736  3.06886  3.36684  5.34967  3.99057     62 n - - -
          2.68618  4.42225  2.77519  2.73123  3.46354  2.40513  3.72494  3.29354  2.67741  2.69355  4.24690  2.90347  2.73739  3.18146  2.89801  2.37887  2.77519  2.98518  4.58477  3.61503
          0.03284  3.82821  4.55056  0.61958  0.77255  0.48576  0.95510
     37   2.69530  4.45914  3.29785  3.13113  4.12870  3.14919  4.21162  3.66344  3.18477  3.29482  4.34333  3.44190  0.91417  3.57494  3.43468  2.86159  3.13357  3.31379  5.32669  4.24902     63 p - - -
          2.68618  4.42225  2.77519  2.73123  3.46354  2.40513  3.72494  3.29354  2.67741  2.69355  4.24690  2.90347  2.73739  3.18146  2.89801  2.37887  2.77519  2.98518  4.58477  3.61503
          0.03284  3.82821  4.55056  0.61958  0.77255  0.48576  0.95510
     38   2.94886  4.77287  3.08480  2.84104  3.25548  3.41162  1.23939  3.64484  2.68539  3.14408  4.18418  3.25186  3.96211  3.20692  2.95337  3.02018  3.25104  3.38089  4.72099  3.20774     64 h - - -
          2.68618  4.42225  2.77519  2.73123  3.46354  2.40513  3.72494  3.29354  2.67741  2.69355  4.24690  2.90347  2.73739  3.18146  2.89801  2.37887  2.77519  2.98518  4.58477  3.61503
          0.03284  3.82821  4.55056  0.61958  0.77255  0.48576  0.95510
     39   2.99673  4.42881  4.27121  3.88598  3.34522  4.01743  4.62286  1.13450  3.71320  1.94125  3.28842  4.13757  4.45361  4.06654  3.91488  3.50911  3.29700  1.84702  5.22632  3.96024     65 i - - -
          2.68618  4.42225  2.77519  2.73123  3.46354  2.40513  3.72494  3.29354  2.67741  2.69355  4.24690  2.90347  2.73739  3.18146  2.89801  2.37887  2.77519  2.98518  4.58477  3.61503
          0.03284  3.82821  4.55056  0.61958  0.77255  0.48576  0.95510
     40   2.99673  4.42881  4.27121  3.88598  3.34522  4.01743  4.62286  1.13450  3.71320  1.94125  3.28842  4.13757  4.45361  4.06654  3.91488  3.50911  3.29700  1.84702  5.22632  3.96024     66 i - - -
          2.68618  4.42225  2.77519  2.73123  3.46354  2.40513  3.72494  3.29354  2.67741  2.69355  4.24690  2.90347  2.73739  3.18146  2.89801  2.37887  2.77519  2.98518  4.58477  3.61503
          0.03284  3.82821  4.55056  0.61958  0.77255  0.48576  0.95510
     41   3.10637  4.58222  4.11805  3.75852  3.12022  3.92522  4.42817  2.32284  3.52667  0.93171  3.15849  4.03819  4.36875  3.90562  3.70965  3.49210  3.40295  2.34852  4.98263  3.69546     67 l - - -
          2.68618  4.42225  2.77519  2.73123  3.46354  2.40513  3.72494  3.29354  2.67741  2.69355  4.24690  2.90347  2.73739  3.18146  2.89801  2.37887  2.77519  2.98518  4.58477  3.61503
          0.03284  3.82821  4.55056  0.61958  0.77255  0.48576  0.95510
     42   2.29459  4.21396  3.16928  2.98380  4.03263  2.94473  4.09449  3.54962  3.05455  3.27358  4.20394  3.21516  3.68005  3.40752  3.34140  1.15980  2.77155  3.09444  5.40885  4.11611     68 s - - -
          2.68618  4.42225  2.77519  2.73123  3.46354  2.40513  3.72494  3.29354  2.67741  2.69355  4.24690  2.90347  2.73739  3.18146  2.89801  2.37887  2.77519  2.98518  4.58477  3.61503
          0.03284  3.82821  4.55056  0.61958  0.77255  0.48576  0.95510
     43   2.93282  4.89323  3.10577  2.73655  4.26953  3.42620  3.73674  3.69621  1.10057  3.27137  4.23596  3.16270  3.93030  2.93129  2.42612  2.97816  3.18978  3.40676  5.34299  4.14967     69 k - - -
          2.68618  4.42225  2.77519  2.73123  3.46354  2.40513  3.72494  3.29354  2.67741  2.69355  4.24690  2.90347  2.73739  3.18146  2.89801  2.37887  2.77519  2.98518  4.58477  3.61503
          0.03284  3.82821  4.55056  0.61958  0.77255  0.48576  0.95510
     44   2.91576  5.01555  2.47146  1.09006  4.35646  3.24661  3.83065  3.80160  2.70570  3.42624  4.40309  2.91022  3.84935  3.04779  3.10930  2.90321  3.21995  3.49035  5.53646  4.25963     70 e - - -
          2.68618  4.42225  2.77519  2.73123  3.46354  2.40513  3.72494  3.29354  2.67741  2.69355  4.24690  2.90347  2.73739  3.18146  2.89801  2.37887  2.77519  2.98518  4.58477  3.61503
          0.03284  3.82821  4.55056  0.61958  0.77255  0.48576  0.95510
     45   2.69530  4.45914  3.29785  3.13113  4.12870  3.14919  4.21162  3.66344  3.18477  3.29482  4.34333  3.44190  0.91417  3.57494  3.43468  2.86159  3.13357  3.31379  5.32669  4.24902     71 p - - -
          2.68618  4.42225  2.77519  2.73123  3.46354  2.40513  3.72494  3.29354  2.67741  2.69355  4.24690  2.90347  2.73739  3.18146  2.89801  2.37887  2.77519  2.98518  4.58477  3.61503
          0.03284  3.82821  4.55056  0.61958  0.77255  0.48576  0.95510
     46   2.80833  4.88004  2.79232  2.52453  4.09357  3.34396  3.70137  3.63685  2.27397  3.17175  4.13515  2.99724  3.87181  1.51593  2.60502  2.83728  3.08316  3.34474  5.33262  4.00986     72 q - - -
          2.68618  4.42225  2.77519  2.73123  3.46354  2.40513  3.72494  3.29354  2.67741  2.69355  4.24690  2.90347  2.73739  3.18146  2.89801  2.37887  2.77519  2.98518  4.58477  3.61503
          0.03284  3.82821  4.55056  0.61958  0.77255  0.48576  0.95510
     47   2.61204  4.39095  3.27666  3.17091  4.31232  0.80079  4.29316  3.90185  3.34607  3.56139  4.53740  3.44117  3.78066  3.67387  3.58625  2.78283  3.08987  3.43879  5.41841  4.41300     73 g - - -
          2.68618  4.42225  2.77519  2.73123  3.46354  2.40513  3.72494  3.29354  2.67741  2.69355  4.24690  2.90347  2.73739  3.18146  2.89801  2.37887  2.77519  2.98518  4.58477  3.61503
          0.03284  3.82821  4.55056  0.61958  0.77255  0.48576  0.95510
     48   3.20319  4.61827  4.17779  3.88454  1.08706  3.90199  3.85958  2.73309  3.79284  2.11376  3.47031  3.96978  4.36212  3.97324  3.92349  3.47497  3.50459  2.72040  4.12305  2.49613     74 f - - -
          2.68618  4.42225  2.77519  2.73123  3.46354  2.40513  3.72494  3.29354  2.67741  2.69355  4.24690  2.90347  2.73739  3.18146  2.89801  2.37887  2.77519  2.98518  4.58477  3.61503
          0.03284  3.82821  4.55056  0.61958  0.77255  0.48576  0.95510
     49   2.92150  4.32736  4.41674  3.91795  3.45896  4.13354  4.69068  1.49214  3.79414  2.01120  3.29151  4.17471  4.50466  4.09207  4.02868  3.50527  3.12164  1.30888  5.34871  4.13748     75 v - - -
          2.68618  4.42225  2.77519  2.73123  3.46354  2.40513  3.72494  3.29354  2.67741  2.69355  4.24690  2.90347  2.73739  3.18146  2.89801  2.37887  2.77519  2.98518  4.58477  3.61503
          0.03284  3.82821  4.55056  0.61958  0.77255  0.48576  0.95510
     50   1.07951  4.17137  3.41878  3.20893  4.00933  2.99690  4.23606  3.12833  3.22407  3.01187  4.04927  3.36938  3.73202  3.56950  3.47715  2.52240  2.79673  2.79044  5.44096  4.23646     76 a - - -
          2.68618  4.42225  2.77519  2.73123  3.46354  2.40513  3.72494  3.29354  2.67741  2.69355  4.24690  2.90347  2.73739  3.18146  2.89801  2.37887  2.77519  2.98518  4.58477  3.61503
          0.03284  3.82821  4.55056  0.61958  0.77255  0.48576  0.95510
     51   2.94336  5.06261  0.98366  2.31006  4.43402  3.17830  3.89410  4.01241  2.97019  3.62901  4.60692  2.86387  3.82806  3.13375  3.47974  2.91129  3.28128  3.65659  5.61117  4.31525     77 d - - -
          2.68618  4.42225  2.77519  2.73123  3.46354  2.40513  3.72494  3.29354  2.67741  2.69355  4.24690  2.90347  2.73739  3.18146  2.89801  2.37887  2.77519  2.98518  4.58477  3.61503
          0.03284  3.82821  4.55056  0.61958  0.77255  0.48576  0.95510
     52   1.07951  4.17137  3.41878  3.20893  4.00933  2.99690  4.23606  3.12833  3.22407  3.01187  4.04927  3.36938  3.73202  3.56950  3.47715  2.52240  2.79673  2.79044  5.44096  4.23646     78 a - - -
          2.68618  4.42225  2.77519  2.73123  3.46354  2.40513  3.72494  3.29354  2.67741  2.69355  4.24690  2.90347  2.73739  3.18146  2.89801  2.37887  2.77519  2.98518  4.58477  3.61503
          0.03284  3.82821  4.55056  0.61958  0.77255  0.48576  0.95510
     53   2.39034  4.23506  3.39021  3.14111  3.93114  3.07555  4.16162  3.05293  3.08320  2.91796  3.97199  3.35704  3.77611  3.48045  3.34353  2.59121  1.24923  2.75264  5.37289  4.14801     79 t - - -
          2.68618  4.42225  2.77519  2.73123  3.46354  2.40513  3.72494  3.29354  2.67741  2.69355  4.24690  2.90347  2.73739  3.18146  2.89801  2.37887  2.77519  2.98518  4.58477  3.61503
          0.03284  3.82821  4.55056  0.61958  0.77255  0.48576  0.95510
     54   2.99673  4.42881  4.27121  3.88598  3.34522  4.01743  4.62286  1.13450  3.71320  1.94125  3.28842  4.13757  4.45361  4.06654  3.91488  3.50911  3.29700  1.84702  5.22632  3.96024     80 i - - -
          2.68618  4.42225  2.77519  2.73123  3.46354  2.40513  3.72494  3.29354  2.67741  2.69355  4.24690  2.90347  2.73739  3.18146  2.89801  2.37887  2.77519  2.98518  4.58477  3.61503
          0.03284  3.82821  4.55056  0.61958  0.77255  0.48576  0.95510
     55   2.68805  4.68185  2.68626  2.56768  4.03855  3.15530  3.88750  3.74015  2.78792  3.39231  4.34843  1.23891  3.80536  3.16084  3.14050  2.75736  3.06886  3.36684  5.34967  3.99057     81 n - - -
          2.68618  4.42225  2.77519  2.73123  3.46354  2.40513  3.72494  3.29354  2.67741  2.69355  4.24690  2.90347  2.73739  3.18146  2.89801  2.37887  2.77519  2.98518  4.58477  3.61503
          0.03284  3.82821  4.55056  0.61958  0.77255  0.48576  0.95510
     56   2.39034  4.23506  3.39021  3.14111  3.93114  3.07555  4.16162  3.05293  3.08320  2.91796  3.97199  3.35704  3.77611  3.48045  3.34353  2.59121  1.24923  2.75264  5.37289  4.14801     82 t - - -
          2.68618  4.42225  2.77519  2.73123  3.46354  2.40513  3.72494  3.29354  2.67741  2.69355  4.24690  2.90347  2.73739  3.18146  2.89801  2.37887  2.77519  2.98518  4.58477  3.61503
          0.03284  3.82821  4.55056  0.61958  0.77255  0.48576  0.95510
     57   2.69530  4.45914  3.29785  3.13113  4.12870  3.14919  4.21162  3.66344  3.18477  3.29482  4.34333  3.44190  0.91417  3.57494  3.43468  2.86159  3.13357  3.31379  5.32669  4.24902     83 p - - -
          2.68618  4.42225  2.77519  2.73123  3.46354  2.40513  3.72494  3.29354  2.67741  2.69355  4.24690  2.90347  2.73739  3.18146  2.89801  2.37887  2.77519  2.98518  4.58477  3.61503
          0.03284  3.82821  4.55056  0.61958  0.77255  0.48576  0.95510
     58   2.68805  4.68185  2.68626  2.56768  4.03855  3.15530  3.88750  3.74015  2.78792  3.39231  4.34843  1.23891  3.80536  3.16084  3.14050  2.75736  3.06886  3.36684  5.34967  3.99057     84 n - - -
          2.68618  4.42225  2.77519  2.73123  3.46354  2.40513  3.72494  3.29354  2.67741  2.69355  4.24690  2.90347  2.73739  3.18146  2.89801  2.37887  2.77519  2.98518  4.58477  3.61503
          0.03284  3.82821  4.55056  0.61958  0.77255  0.48576  0.95510
     59   2.61204  4.39095  3.27666  3.17091  4.31232  0.80079  4.29316  3.90185  3.34607  3.56139  4.53740  3.44117  3.78066  3.67387  3.58625  2.78283  3.08987  3.43879  5.41841  4.41300     85 g - - -
          2.68618  4.42225  2.77519  2.73123  3.46354  2.40513  3.72494  3.29354  2.67741  2.69355  4.24690  2.90347  2.73739  3.18146  2.89801  2.37887  2.77519  2.98518  4.58477  3.61503
          0.03284  3.82821  4.55056  0.61958  0.77255  0.48576  0.95510
     60   2.63158  4.44679  3.27319  2.83290  3.30419  3.44781  2.44065  2.90935  2.67148  2.61801  3.61725  3.22576  3.91727  3.10629  2.98381  2.79655  2.90927  2.05430  4.81387  3.39151     86 v - - -
          2.68618  4.42225  2.77519  2.73123  3.46354  2.40513  3.72494  3.29354  2.67741  2.69355  4.24690  2.90347  2.73739  3.18146  2.89801  2.37887  2.77519  2.98518  4.58477  3.61503
          0.03284  3.82821  4.55056  0.61958  0.77255  0.48576  0.95510
     61   3.10637  4.58222  4.11805  3.75852  3.12022  3.92522  4.42817  2.32284  3.52667  0.93171  3.15849  4.03819  4.36875  3.90562  3.70965  3.49210  3.40295  2.34852  4.98263  3.69546     87 l - - -
          2.68618  4.42225  2.77519  2.73123  3.46354  2.40513  3.72494  3.29354  2.67741  2.69355  4.24690  2.90347  2.73739  3.18146  2.89801  2.37887  2.77519  2.98518  4.58477  3.61503
          0.03284  3.82821  4.55056  0.61958  0.77255  0.48576  0.95510
     62   2.77336  4.32905  4.06338  3.72592  3.51863  3.67726  4.53556  2.05530  3.59299  2.21393  3.49131  3.92262  4.24080  3.95635  3.80961  3.17864  3.13635  1.08272  5.29531  4.02382     88 v - - -
          2.68618  4.42225  2.77519  2.73123  3.46354  2.40513  3.72494  3.29354  2.67741  2.69355  4.24690  2.90347  2.73739  3.18146  2.89801  2.37887  2.77519  2.98518  4.58477  3.61503
          0.03284  3.82821  4.55056  0.61958  0.77255  0.48576  0.95510
     63   1.07951  4.17137  3.41878  3.20893  4.00933  2.99690  4.23606  3.12833  3.22407  3.01187  4.04927  3.36938  3.73202  3.56950  3.47715  2.52240  2.79673  2.79044  5.44096  4.23646     89 a - - -
          2.68618  4.42225  2.77519  2.73123  3.46354  2.40513  3.72494  3.29354  2.67741  2.69355  4.24690  2.90347  2.73739  3.18146  2.89801  2.37887  2.77519  2.98518  4.58477  3.61503
          0.03284  3.82821  4.55056  0.61958  0.77255  0.48576  0.95510
     64   2.29459  4.21396  3.16928  2.98380  4.03263  2.94473  4.09449  3.54962  3.05455  3.27358  4.20394  3.21516  3.68005  3.40752  3.34140  1.15980  2.77155  3.09444  5.40885  4.11611     90 s - - -
          2.68618  4.42225  2.77519  2.73123  3.46354  2.40513  3.72494  3.29354  2.67741  2.69355  4.24690  2.90347  2.73739  3.18146  2.89801  2.37887  2.77519  2.98518  4.58477  3.61503
          0.03284  3.82821  4.55056  0.61958  0.77255  0.48576  0.95510
     65   1.52918  4.11819  3.22313  2.99844  4.18725  1.86224  4.12114  3.52297  3.10619  3.27846  4.14531  3.19549  3.62479  3.40211  3.41468  2.36250  2.66920  3.03121  5.53314  4.32174     91 a - - -
          2.68618  4.42225  2.77519  2.73123  3.46354  2.40513  3.72494  3.29354  2.67741  2.69355  4.24690  2.90347  2.73739  3.18146  2.89801  2.37887  2.77519  2.98518  4.58477  3.61503
          0.03284  3.82821  4.55056  0.61958  0.77255  0.48576  0.95510
     66   2.89886  4.95779  3.14173  2.66875  4.33716  3.48256  3.61744  3.73743  1.26889  3.26040  4.16475  3.09416  3.92651  2.77954  2.14051  2.92164  3.11710  3.43181  5.35368  4.13886     92 k - - -
          2.68618  4.42225  2.77519  2.73123  3.46354  2.40513  3.72494  3.29354  2.67741  2.69355  4.24690  2.90347  2.73739  3.18146  2.89801  2.37887  2.77519  2.98518  4.58477  3.61503
          0.03284  3.82821  4.55056  0.61958  0.77255  0.48576  0.95510
     67   2.94886  4.77287  3.08480  2.84104  3.25548  3.41162  1.23939  3.64484  2.68539  3.14408  4.18418  3.25186  3.96211  3.20692  2.95337  3.02018  3.25104  3.38089  4.72099  3.20774     93 h - - -
          2.68618  4.42225  2.77519  2.73123  3.46354  2.40513  3.72494  3.29354  2.67741  2.69355  4.24690  2.90347  2.73739  3.18146  2.89801  2.37887  2.77519  2.98518  4.58477  3.61503
          0.03284  3.82821  4.55056  0.61958  0.77255  0.48576  0.95510
     68   2.91576  5.01555  2.47146  1.09006  4.35646  3.24661  3.83065  3.80160  2.70570  3.42624  4.40309  2.91022  3.84935  3.04779  3.10930  2.90321  3.21995  3.49035  5.53646  4.25963     94 e - - -
          2.68618  4.42225  2.77519  2.73123  3.46354  2.40513  3.72494  3.29354  2.67741  2.69355  4.24690  2.90347  2.73739  3.18146  2.89801  2.37887  2.77519  2.98518  4.58477  3.61503
          0.03284  3.82821  4.55056  0.61958  0.77255  0.48576  0.95510
     69   2.94336  5.06261  0.98366  2.31006  4.43402  3.17830  3.89410  4.01241  2.97019  3.62901  4.60692  2.86387  3.82806  3.13375  3.47974  2.91129  3.28128  3.65659  5.61117  4.31525     95 d - - -
          2.68618  4.42225  2.77519  2.73123  3.46354  2.40513  3.72494  3.29354  2.67741  2.69355  4.24690  2.90347  2.73739  3.18146  2.89801  2.37887  2.77519  2.98518  4.58477  3.61503
          0.03284  3.82821  4.55056  0.61958  0.77255  0.48576  0.95510
     70   2.93543  4.49151  4.00231  3.59308  3.19001  3.80110  4.33851  2.36126  3.36332  1.79198  1.46549  3.87584  4.26204  3.74848  3.57371  3.27962  3.24018  2.36207  5.02454  3.78203     96 m - - -
          2.68618  4.42225  2.77519  2.73123  3.46354  2.40513  3.72494  3.29354  2.67741  2.69355  4.24690  2.90347  2.73739  3.18146  2.89801  2.37887  2.77519  2.98518  4.58477  3.61503
          0.03284  3.82821  4.55056  0.61958  0.77255  0.48576  0.95510
     71   3.18465  4.69155  3.77354  3.49532  2.29670  3.77907  3.60016  3.20018  3.35412  2.66535  3.88003  3.67000  4.25430  3.67078  3.54660  3.32549  3.47132  3.06874  3.93852  1.04269     97 y - - -
          2.68618  4.42225  2.77519  2.73123  3.46354  2.40513  3.72494  3.29354  2.67741  2.69355  4.24690  2.90347  2.73739  3.18146  2.89801  2.37887  2.77519  2.98518  4.58477  3.61503
          0.03284  3.82821  4.55056  0.61958  0.77255  0.48576  0.95510
     72   2.11278  4.15446  3.37136  3.08768  3.98163  3.01065  4.12656  3.02991  3.04919  2.94220  3.93180  3.28722  3.71933  3.41631  3.33136  2.47353  1.46876  2.69852  5.43256  4.20195     98 t - - -
          2.68618  4.42225  2.77519  2.73123  3.46354  2.40513  3.72494  3.29354  2.67741  2.69355  4.24690  2.90347  2.73739  3.18146  2.89801  2.37887  2.77519  2.98518  4.58477  3.61503
          0.03284  3.82821  4.55056  0.61958  0.77255  0.48576  0.95510
     73   1.07951  4.17137  3.41878  3.20893  4.00933  2.99690  4.23606  3.12833  3.22407  3.01187  4.04927  3.36938  3.73202  3.56950  3.47715  2.52240  2.79673  2.79044  5.44096  4.23646     99 a - - -
          2.68618  4.42225  2.77519  2.73123  3.46354  2.40513  3.72494  3.29354  2.67741  2.69355  4.24690  2.90347  2.73739  3.18146  2.89801  2.37887  2.77519  2.98518  4.58477  3.61503
          0.03284  3.82821  4.55056  0.61958  0.77255  0.48576  0.95510
     74   2.99673  4.42881  4.27121  3.88598  3.34522  4.01743  4.62286  1.13450  3.71320  1.94125  3.28842  4.13757  4.45361  4.06654  3.91488  3.50911  3.29700  1.84702  5.22632  3.96024    100 i - - -
          2.68618  4.42225  2.77519  2.73123  3.46354  2.40513  3.72494  3.29354  2.67741  2.69355  4.24690  2.90347  2.73739  3.18146  2.89801  2.37887  2.77519  2.98518  4.58477  3.61503
          0.03284  3.82821  4.55056  0.61958  0.77255  0.48576  0.95510
     75   2.68805  4.68185  2.68626  2.56768  4.03855  3.15530  3.88750  3.74015  2.78792  3.39231  4.34843  1.23891  3.80536  3.16084  3.14050  2.75736  3.06886  3.36684  5.34967  3.99057    101 n - - -
          2.68618  4.42225  2.77519  2.73123  3.46354  2.40513  3.72494  3.29354  2.67741  2.69355  4.24690  2.90347  2.73739  3.18146  2.89801  2.37887  2.77519  2.98518  4.58477  3.61503
          0.03284  3.82821  4.55056  0.61958  0.77255  0.48576  0.95510
     76   2.83965  5.22798  2.05074  1.33067  4.52771  3.18276  3.70711  3.99462  2.66101  3.56831  4.44399  2.69229  3.78529  2.88453  3.18180  2.76584  3.12727  3.61935  5.72824  4.30154    102 e - - -
          2.68618  4.42225  2.77519  2.73123  3.46354  2.40513  3.72494  3.29354  2.67741  2.69355  4.24690  2.90347  2.73739  3.18146  2.89801  2.37887  2.77519  2.98518  4.58477  3.61503
          0.03284  3.82821  4.55056  0.61958  0.77255  0.48576  0.95510
     77   3.10637  4.58222  4.11805  3.75852  3.12022  3.92522  4.42817  2.32284  3.52667  0.93171  3.15849  4.03819  4.36875  3.90562  3.70965  3.49210  3.40295  2.34852  4.98263  3.69546    103 l - - -
          2.68618  4.42225  2.77519  2.73123  3.46354  2.40513  3.72494  3.29354  2.67741  2.69355  4.24690  2.90347  2.73739  3.18146  2.89801  2.37887  2.77519  2.98518  4.58477  3.61503
          0.03284  3.82821  4.55056  0.61958  0.77255  0.48576  0.95510
     78   2.99673  4.42881  4.27121  3.88598  3.34522  4.01743  4.62286  1.13450  3.71320  1.94125  3.28842  4.13757  4.45361  4.06654  3.91488  3.50911  3.29700  1.84702  5.22632  3.96024    104 i - - -
          2.68618  4.42225  2.77519  2.73123  3.46354  2.40513  3.72494  3.29354  2.67741  2.69355  4.24690  2.90347  2.73739  3.18146  2.89801  2.37887  2.77519  2.98518  4.58477  3.61503
          0.03284  3.82821  4.55056  0.61958  0.77255  0.48576  0.95510
     79   2.68805  4.68185  2.68626  2.56768  4.03855  3.15530  3.88750  3.74015  2.78792  3.39231  4.34843  1.23891  3.80536  3.16084  3.14050  2.75736  3.06886  3.36684  5.34967  3.99057    105 n - - -
          2.68618  4.42225  2.77519  2.73123  3.46354  2.40513  3.72494  3.29354  2.67741  2.69355  4.24690  2.90347  2.73739  3.18146  2.89801  2.37887  2.77519  2.98518  4.58477  3.61503
          0.03284  3.82821  4.55056  0.61958  0.77255  0.48576  0.95510
     80   2.93282  4.89323  3.10577  2.73655  4.26953  3.42620  3.73674  3.69621  1.10057  3.27137  4.23596  3.16270  3.93030  2.93129  2.42612  2.97816  3.18978  3.40676  5.34299  4.14967    106 k - - -
          2.68618  4.42225  2.77519  2.73123  3.46354  2.40513  3.72494  3.29354  2.67741  2.69355  4.24690  2.90347  2.73739  3.18146  2.89801  2.37887  2.77519  2.98518  4.58477  3.61503
          0.03284  3.82821  4.55056  0.61958  0.77255  0.48576  0.95510
     81   3.10637  4.58222  4.11805  3.75852  3.12022  3.92522  4.42817  2.32284  3.52667  0.93171  3.15849  4.03819  4.36875  3.90562  3.70965  3.49210  3.40295  2.34852  4.98263  3.69546    107 l - - -
          2.68618  4.42225  2.77519  2.73123  3.46354  2.40513  3.72494  3.29354  2.67741  2.69355  4.24690  2.90347  2.73739  3.18146  2.89801  2.37887  2.77519  2.98518  4.58477  3.61503
          0.03284  3.82821  4.55056  0.61958  0.77255  0.48576  0.95510
     82   2.91576  5.01555  2.47146  1.09006  4.35646  3.24661  3.83065  3.80160  2.70570  3.42624  4.40309  2.91022  3.84935  3.04779  3.10930  2.90321  3.21995  3.49035  5.53646  4.25963    108 e - - -
          2.68618  4.42225  2.77519  2.73123  3.46354  2.40513  3.72494  3.29354  2.67741  2.69355  4.24690  2.90347  2.73739  3.18146  2.89801  2.37887  2.77519  2.98518  4.58477  3.61503
          0.03284  3.82821  4.55056  0.61958  0.77255  0.48576  0.95510
     83   2.95694  4.79764  3.44322  2.96460  4.14103  3.45240  3.79462  3.68033  2.22305  3.20438  4.20647  3.32733  3.95782  3.01781  1.04826  3.04369  3.22636  3.40638  5.24247  4.07877    109 r - - -
          2.68618  4.42225  2.77519  2.73123  3.46354  2.40513  3.72494  3.29354  2.67741  2.69355  4.24690  2.90347  2.73739  3.18146  2.89801  2.37887  2.77519  2.98518  4.58477  3.61503
          0.03284  3.82821  4.55056  0.61958  0.77255  0.48576  0.95510
     84   2.84730  4.83014  2.87543  2.63039  3.99258  3.33771  3.78799  3.61736  2.45448  3.12403  4.15403  3.08939  3.89111  1.31493  2.73915  2.89734  3.14472  3.35006  5.27290  3.96398    110 q - - -
          2.68618  4.42225  2.77519  2.73123  3.46354  2.40513  3.72494  3.29354  2.67741  2.69355  4.24690  2.90347  2.73739  3.18146  2.89801  2.37887  2.77519  2.98518  4.58477  3.61503
          0.03284  3.82821  4.55056  0.61958  0.77255  0.48576  0.95510
     85   3.10637  4.58222  4.11805  3.75852  3.12022  3.92522  4.42817  2.32284  3.52667  0.93171  3.15849  4.03819  4.36875  3.90562  3.70965  3.49210  3.40295  2.34852  4.98263  3.69546    111 l - - -
          2.68618  4.42225  2.77519  2.73123  3.46354  2.40513  3.72494  3.29354  2.67741  2.69355  4.24690  2.90347  2.73739  3.18146  2.89801  2.37887  2.77519  2.98518  4.58477  3.61503
          0.03284  3.82821  4.55056  0.61958  0.77255  0.48576  0.95510
     86   2.68805  4.68185  2.68626  2.56768  4.03855  3.15530  3.88750  3.74015  2.78792  3.39231  4.34843  1.23891  3.80536  3.16084  3.14050  2.75736  3.06886  3.36684  5.34967  3.99057    112 n - - -
          2.68618  4.42225  2.77519  2.73123  3.46354  2.40513  3.72494  3.29354  2.67741  2.69355  4.24690  2.90347  2.73739  3.18146  2.89801  2.37887  2.77519  2.98518  4.58477  3.61503
          0.03284  3.82821  4.55056  0.61958  0.77255  0.48576  0.95510
     87   2.93282  4.89323  3.10577  2.73655  4.26953  3.42620  3.73674  3.69621  1.10057  3.27137  4.23596  3.16270  3.93030  2.93129  2.42612  2.97816  3.18978  3.40676  5.34299  4.14967    113 k - - -
          2.68618  4.42225  2.77519  2.73123  3.46354  2.40513  3.72494  3.29354  2.67741  2.69355  4.24690  2.90347  2.73739  3.18146  2.89801  2.37887  2.77519  2.98518  4.58477  3.61503
          0.03284  3.82821  4.55056  0.61958  0.77255  0.48576  0.95510
     88   2.95368  4.40783  4.29837  3.80668  3.25389  4.06944  4.53854  1.96437  3.63765  1.45142  3.14372  4.08123  4.44153  3.94675  3.86201  3.44613  3.22942  1.49748  5.16150  3.92923    114 l - - -
          2.68618  4.42225  2.77519  2.73123  3.46354  2.40513  3.72494  3.29354  2.67741  2.69355  4.24690  2.90347  2.73739  3.18146  2.89801  2.37887  2.77519  2.98518  4.58477  3.61503
          0.03284  3.82821  4.55056  0.61958  0.77255  0.48576  0.95510
     89   2.84730  4.83014  2.87543  2.63039  3.99258  3.33771  3.78799  3.61736  2.45448  3.12403  4.15403  3.08939  3.89111  1.31493  2.73915  2.89734  3.14472  3.35006  5.27290  3.96398    115 q - - -
          2.68618  4.42225  2.77519  2.73123  3.46354  2.40513  3.72494  3.29354  2.67741  2.69355  4.24690  2.90347  2.73739  3.18146  2.89801  2.37887  2.77519  2.98518  4.58477  3.61503
          0.03284  3.82821  4.55056  0.61958  0.77255  0.48576  0.95510
     90   2.94886  4.77287  3.08480  2.84104  3.25548  3.41162  1.23939  3.64484  2.68539  3.14408  4.18418  3.25186  3.96211  3.20692  2.95337  3.02018  3.25104  3.38089  4.72099  3.20774    116 h - - -
          2.68618  4.42225  2.77519  2.73123  3.46354  2.40513  3.72494  3.29354  2.67741  2.69355  4.24690  2.90347  2.73739  3.18146  2.89801  2.37887  2.77519  2.98518  4.58477  3.61503
          0.03284  3.82821  4.55056  0.61958  0.77255  0.48576  0.95510
     91   2.93282  4.89323  3.10577  2.73655  4.26953  3.42620  3.73674  3.69621  1.10057  3.27137  4.23596  3.16270  3.93030  2.93129  2.42612  2.97816  3.18978  3.40676  5.34299  4.14967    117 k - - -
          2.68618  4.42225  2.77519  2.73123  3.46354  2.40513  3.72494  3.29354  2.67741  2.69355  4.24690  2.90347  2.73739  3.18146  2.89801  2.37887  2.77519  2.98518  4.58477  3.61503
          0.03284  3.82821  4.55056  0.61958  0.77255  0.48576  0.95510
     92   2.61204  4.39095  3.27666  3.17091  4.31232  0.80079  4.29316  3.90185  3.34607  3.56139  4.53740  3.44117  3.78066  3.67387  3.58625  2.78283  3.08987  3.43879  5.41841  4.41300    118 g - - -
          2.68618  4.42225  2.77519  2.73123  3.46354  2.40513  3.72494  3.29354  2.67741  2.69355  4.24690  2.90347  2.73739  3.18146  2.89801  2.37887  2.77519  2.98518  4.58477  3.61503
          0.03284  3.82821  4.55056  0.61958  0.77255  0.48576  0.95510
     93   2.91576  5.01555  2.47146  1.09006  4.35646  3.24661  3.83065  3.80160  2.70570  3.42624  4.40309  2.91022  3.84935  3.04779  3.10930  2.90321  3.21995  3.49035  5.53646  4.25963    119 e - - -
          2.68618  4.42225  2.77519  2.73123  3.46354  2.40513  3.72494  3.29354  2.67741  2.69355  4.24690  2.90347  2.73739  3.18146  2.89801  2.37887  2.77519  2.98518  4.58477  3.61503
          0.03284  3.82821  4.55056  0.61958  0.77255  0.48576  0.95510
     94   1.07951  4.17137  3.41878  3.20893  4.00933  2.99690  4.23606  3.12833  3.22407  3.01187  4.04927  3.36938  3.73202  3.56950  3.47715  2.52240  2.79673  2.79044  5.44096  4.23646    120 a - - -
          2.68618  4.42225  2.77519  2.73123  3.46354  2.40513  3.72494  3.29354  2.67741  2.69355  4.24690  2.90347  2.73739  3.18146  2.89801  2.37887  2.77519  2.98518  4.58477  3.61503
          0.03284  3.82821  4.55056  0.61958  0.77255  0.48576  0.95510
     95   2.95694  4.79764  3.44322  2.96460  4.14103  3.45240  3.79462  3.68033  2.22305  3.20438  4.20647  3.32733  3.95782  3.01781  1.04826  3.04369  3.22636  3.40638  5.24247  4.07877    121 r - - -
          2.68618  4.42225  2.77519  2.73123  3.46354  2.40513  3.72494  3.29354  2.67741  2.69355  4.24690  2.90347  2.73739  3.18146  2.89801  2.37887  2.77519  2.98518  4.58477  3.61503
          0.03284  3.82821  4.55056  0.61958  0.77255  0.48576  0.95510
     96   2.95694  4.79764  3.44322  2.96460  4.14103  3.45240  3.79462  3.68033  2.22305  3.20438  4.20647  3.32733  3.95782  3.01781  1.04826  3.04369  3.22636  3.40638  5.24247  4.07877    122 r - - -
          2.68618  4.42225  2.77519  2.73123  3.46354  2.40513  3.72494  3.29354  2.67741  2.69355  4.24690  2.90347  2.73739  3.18146  2.89801  2.37887  2.77519  2.98518  4.58477  3.61503
          0.03284  3.82821  4.55056  0.61958  0.77255  0.48576  0.95510
     97   1.21668  4.11726  3.39686  3.15639  4.02540  2.95792  4.19464  3.08143  3.15807  2.99620  3.99450  3.30898  3.69579  3.49966  3.42698  2.43833  2.59275  2.72902  5.48398  4.25768    123 a - - -
          2.68618  4.42225  2.77519  2.73123  3.46354  2.40513  3.72494  3.29354  2.67741  2.69355  4.24690  2.90347  2.73739  3.18146  2.89801  2.37887  2.77519  2.98518  4.58477  3.61503
          0.03284  3.82821  4.55056  0.61958  0.77255  0.48576  0.95510
     98   1.55321  4.10579  3.41919  3.10393  4.01052  2.96654  4.12709  3.09099  3.08259  2.99759  3.93921  3.27819  3.68204  3.41566  3.37473  2.41623  1.93559  2.72720  5.43974  4.22322    124 a - - -
          2.68618  4.42225  2.77519  2.73123  3.46354  2.40513  3.72494  3.29354  2.67741  2.69355  4.24690  2.90347  2.73739  3.18146  2.89801  2.37887  2.77519  2.98518  4.58477  3.61503
          0.03284  3.82821  4.55056  0.61958  0.77255  0.48576  0.95510
     99   1.77651  4.10497  3.35693  3.03933  4.04085  2.80906  4.08242  3.23939  3.03661  3.07974  3.96918  3.23165  3.65556  3.36334  3.34056  2.38725  1.71721  2.83300  5.43142  4.21454    125 t - - -
          2.68618  4.42225  2.77519  2.73123  3.46354  2.40513  3.72494  3.29354  2.67741  2.69355  4.24690  2.90347  2.73739  3.18146  2.89801  2.37887  2.77519  2.98518  4.58477  3.61503
          0.03284  3.82821  4.55056  0.61958  0.77255  0.48576  0.95510
    100   2.29459  4.21396  3.16928  2.98380  4.03263  2.94473  4.09449  3.54962  3.05455  3.27358  4.20394  3.21516  3.68005  3.40752  3.34140  1.15980  2.77155  3.09444  5.40885  4.11611    126 s - - -
          2.68618  4.42225  2.77519  2.73123  3.46354  2.40513  3.72494  3.29354  2.67741  2.69355  4.24690  2.90347  2.73739  3.18146  2.89801  2.37887  2.77519  2.98518  4.58477  3.61503
          0.03284  3.82821  4.55056  0.61958  0.77255  0.48576  0.95510
    101   2.77336  4.32905  4.06338  3.72592  3.51863  3.67726  4.53556  2.05530  3.59299  2.21393  3.49131  3.92262  4.24080  3.95635  3.80961  3.17864  3.13635  1.08272  5.29531  4.02382    127 v - - -
          2.68618  4.42225  2.77519  2.73123  3.46354  2.40513  3.72494  3.29354  2.67741  2.69355  4.24690  2.90347  2.73739  3.18146  2.89801  2.37887  2.77519  2.98518  4.58477  3.61503
          0.03284  3.82821  4.55056  0.61958  0.77255  0.48576  0.95510
    102   2.93282  4.89323  3.10577  2.73655  4.26953  3.42620  3.73674  3.69621  1.10057  3.27137  4.23596  3.16270  3.93030  2.93129  2.42612  2.97816  3.18978  3.40676  5.34299  4.14967    128 k - - -
          2.68618  4.42225  2.77519  2.73123  3.46354  2.40513  3.72494  3.29354  2.67741  2.69355  4.24690  2.90347  2.73739  3.18146  2.89801  2.37887  2.77519  2.98518  4.58477  3.61503
          0.03284  3.82821  4.55056  0.61958  0.77255  0.48576  0.95510
    103   2.87808  5.25852  1.23754  2.01256  4.57127  3.15217  3.75126  4.06289  2.78430  3.65040  4.55327  2.68045  3.78817  2.94268  3.34457  2.79613  3.18587  3.68165  5.78703  4.34814    129 d - - -
          2.68618  4.42225  2.77519  2.73123  3.46354  2.40513  3.72494  3.29354  2.67741  2.69355  4.24690  2.90347  2.73739  3.18146  2.89801  2.37887  2.77519  2.98518  4.58477  3.61503
          0.03284  3.82821  4.55056  0.61958  0.77255  0.48576  0.95510
    104   1.07951  4.17137  3.41878  3.20893  4.00933  2.99690  4.23606  3.12833  3.22407  3.01187  4.04927  3.36938  3.73202  3.56950  3.47715  2.52240  2.79673  2.79044  5.44096  4.23646    130 a - - -
          2.68618  4.42225  2.77519  2.73123  3.46354  2.40513  3.72494  3.29354  2.67741  2.69355  4.24690  2.90347  2.73739  3.18146  2.89801  2.37887  2.77519  2.98518  4.58477  3.61503
          0.03284  3.82821  4.55056  0.61958  0.77255  0.48576  0.95510
    105   2.43348  4.51591  2.67495  2.47637  4.24065  2.86094  3.81852  3.72445  2.70667  3.34520  4.18252  1.91912  3.69696  3.02330  3.11692  2.02191  2.82258  3.27166  5.52420  4.18970    131 n - - -
          2.68618  4.42225  2.77519  2.73123  3.46354  2.40513  3.72494  3.29354  2.67741  2.69355  4.24690  2.90347  2.73739  3.18146  2.89801  2.37887  2.77519  2.98518  4.58477  3.61503
          0.03284  3.82821  4.55056  0.61958  0.77255  0.48576  0.95510
    106   3.17304  4.60283  4.21892  3.87507  1.22967  3.99226  3.83353  2.62106  3.75309  1.96416  3.35963  3.95918  4.40754  3.93164  3.89828  3.45871  3.45827  2.61910  4.09628  2.46099    132 f - - -
          2.68618  4.42225  2.77519  2.73123  3.46354  2.40513  3.72494  3.29354  2.67741  2.69355  4.24690  2.90347  2.73739  3.18146  2.89801  2.37887  2.77519  2.98518  4.58477  3.61503
          0.03284  3.82821  4.55056  0.61958  0.77255  0.48576  0.95510
    107   2.38102  4.23499  3.93937  3.56667  3.61999  3.53088  4.43941  2.08920  3.46181  2.32524  3.52274  3.75789  4.12047  3.80689  3.70860  2.96688  2.98082  1.25406  5.35031  4.10754    133 v - - -
          2.68618  4.42225  2.77519  2.73123  3.46354  2.40513  3.72494  3.29354  2.67741  2.69355  4.24690  2.90347  2.73739  3.18146  2.89801  2.37887  2.77519  2.98518  4.58477  3.61503
          0.03284  3.82821  4.55056  0.61958  0.77255  0.48576  0.95510
    108   2.91576  5.01555  2.47146  1.09006  4.35646  3.24661  3.83065  3.80160  2.70570  3.42624  4.40309  2.91022  3.84935  3.04779  3.10930  2.90321  3.21995  3.49035  5.53646  4.25963    134 e - - -
          2.68618  4.42225  2.77519  2.73123  3.46354  2.40513  3.72494  3.29354  2.67741  2.69355  4.24690  2.90347  2.73739  3.18146  2.89801  2.37887  2.77519  2.98518  4.58477  3.61503
          0.03284  3.82821  4.55056  0.61958  0.77255  0.48576  0.95510
    109   2.11835  4.69049  2.68406  1.81894  4.10217  3.23988  3.72553  3.35008  2.55803  3.08890  3.98456  2.90838  3.78196  2.91173  2.97584  2.64627  2.89115  2.93521  5.41182  4.08236    135 e - - -
          2.68618  4.42225  2.77519  2.73123  3.46354  2.40513  3.72494  3.29354  2.67741  2.69355  4.24690  2.90347  2.73739  3.18146  2.89801  2.37887  2.77519  2.98518  4.58477  3.61503
          0.03284  3.82821  4.55056  0.61958  0.77255  0.48576  0.95510
    110   2.62512  4.61332  2.75359  2.03774  3.86672  3.35670  3.73988  3.00273  2.60644  2.85466  3.78216  2.99103  3.84208  2.95266  3.01770  2.72161  2.89262  2.10701  5.25035  3.93980    136 e - - -
          2.68618  4.42225  2.77519  2.73123  3.46354  2.40513  3.72494  3.29354  2.67741  2.69355  4.24690  2.90347  2.73739  3.18146  2.89801  2.37887  2.77519  2.98518  4.58477  3.61503
          0.03284  3.82821  4.55056  0.61958  0.77255  0.48576  0.95510
    111   2.91576  5.01555  2.47146  1.09006  4.35646  3.24661  3.83065  3.80160  2.70570  3.42624  4.40309  2.91022  3.84935  3.04779  3.10930  2.90321  3.21995  3.49035  5.53646  4.25963    137 e - - -
          2.68618  4.42225  2.77519  2.73123  3.46354  2.40513  3.72494  3.29354  2.67741  2.69355  4.24690  2.90347  2.73739  3.18146  2.89801  2.37887  2.77519  2.98518  4.58477  3.61503
          0.05608  3.82821  3.41780  0.61958  0.77255  0.48576  0.95510
    112   2.89782  4.99083  2.46447  1.12438  4.32917  3.23308  3.81622  3.76985  2.68852  3.39851  4.37719  2.89982  3.83501  3.03439  3.08913  2.88811  3.20212  3.46124  5.51350  4.23757    138 e - - -
          2.68618  4.42225  2.77519  2.73123  3.46354  2.40513  3.72494  3.29354  2.67741  2.69355  4.24690  2.90347  2.73739  3.18146  2.89801  2.37887  2.77519  2.98518  4.58477  3.61503
          0.17789  3.80574  1.96095  0.61958  0.77255  0.50499  0.92511
    113   2.66344  4.73643  2.54751  1.70086  3.99736  3.21140  3.69862  3.27211  2.50845  3.00007  3.98845  2.86320  3.77374  2.90671  2.88725  2.70823  2.96302  2.85240  5.34103  3.99463    139 e - - -
          2.68618  4.42226  2.77520  2.73114  3.46354  2.40513  3.72495  3.29354  2.67741  2.69355  4.24690  2.90347  2.73740  3.18147  2.89801  2.37887  2.77520  2.98519  4.58477  3.61504
          0.04708  3.07935        *  0.69199  0.69431  0.00000        *
//