HMMER3/f [3.1b2 | February 2015]
NAME  dnaj
LENG  135
ALPH  amino
RF    no
MM    no
CONS  yes
CS    no
MAP   yes
DATE  Fri Aug  3 19:56:44 2018
NSEQ  11543
EFFN  46.886944
CKSUM 3422141750
STATS LOCAL MSV      -10.1214  0.71123
STATS LOCAL VITERBI  -11.7839  0.71123
STATS LOCAL FORWARD   -4.6024  0.71123
HMM          A        C        D        E        F        G        H        I        K        L        M        N        P        Q        R        S        T        V        W        Y   
            m->m     m->i     m->d     i->m     i->i     d->m     d->d
  COMPO   2.50717  4.27939  2.81306  2.69329  3.46843  2.47654  3.67643  3.27360  2.73823  2.62751  4.20774  3.01111  2.80448  3.16894  2.82273  2.47461  2.79982  2.95435  4.56645  3.57640
          2.50242  4.18669  2.79862  2.72644  3.47449  2.42243  3.63563  3.30388  2.76712  2.68109  4.17606  2.98046  2.78918  3.23492  2.95549  2.41605  2.73896  2.93959  4.56402  3.64150
          2.00053  0.71272  0.98235  5.60396  0.00369  0.00000        *
      1   2.98976  2.01194  3.19722  2.58572  3.72911  3.42997  3.35763  3.33964  2.24300  2.68284  3.54105  2.64485  3.72611  3.23901  2.51914  3.01486  3.31800  3.02796  6.30955  3.95033   2380 c - - -
          2.68618  4.42225  2.77519  2.73123  3.46354  2.40513  3.72494  3.29354  2.67741  2.69355  4.24690  2.90347  2.73739  3.18146  2.89801  2.37887  2.77519  2.98518  4.58477  3.61503
          0.15561  6.05124  1.95366  0.61958  0.77255  1.34591  0.30151
      2   2.32352  5.50164  2.80462  2.13198  3.70876  3.12473  3.90282  3.49917  2.37642  2.60776  3.71501  3.16560  3.93749  2.84627  2.90573  2.19981  3.04617  2.90860  5.73974  3.99157   2381 e - - -
          2.65249  4.27395  2.78527  2.72536  3.46497  2.41207  3.68918  3.29594  2.68972  2.69224  4.25059  2.91526  2.75695  3.18484  2.89830  2.39052  2.77553  2.98539  4.58869  3.61982
          2.42921  0.15157  2.94628  3.86322  0.02122  1.76490  0.18778
      3   2.06730  5.09068  2.65481  2.33719  4.23103  3.06392  4.16903  4.39701  2.28308  2.95197  4.22969  3.17734  3.10826  3.12398  2.46021  2.35760  2.42107  3.46829  6.30589  4.56800   2584 a - - -
          2.68618  4.42225  2.77519  2.73123  3.46354  2.40513  3.72494  3.29354  2.67741  2.69355  4.24690  2.90347  2.73739  3.18146  2.89801  2.37887  2.77519  2.98518  4.58477  3.61503
          0.23262  5.92603  1.58535  0.61958  0.77255  1.85974  0.16926
      4   2.59703  5.72386  2.99280  2.09451  3.17492  2.01018  3.63955  3.94896  2.57702  3.08670  4.14593  3.17195  3.30978  2.74925  3.18734  2.59104  2.31911  3.79753  6.15973  4.75199   2585 g - - -
          2.68618  4.42225  2.77519  2.73123  3.46354  2.40513  3.72494  3.29354  2.67741  2.69355  4.24690  2.90347  2.73739  3.18146  2.89801  2.37887  2.77519  2.98518  4.58477  3.61503
          0.05550  5.69840  2.98314  0.61958  0.77255  1.84791  0.17146
      5   2.14391  5.05586  2.77651  2.67954  3.35062  3.31680  3.99929  3.40118  2.28851  3.06710  4.06607  2.55536  3.75388  3.03522  3.11975  2.32211  2.62813  2.97254  5.46666  3.25790   2586 a - - -
          2.68618  4.42225  2.77519  2.73123  3.46354  2.40513  3.72494  3.29354  2.67741  2.69355  4.24690  2.90347  2.73739  3.18146  2.89801  2.37887  2.77519  2.98518  4.58477  3.61503
          0.00515  5.66734  6.38969  0.61958  0.77255  1.40022  0.28308
      6   2.80188  5.28864  2.74365  2.18249  3.90973  3.27716  3.66957  2.88021  2.41850  3.52685  4.26465  2.90622  3.46862  2.74762  2.41997  2.82160  2.51281  3.42560  3.27906  3.33347   2587 e - - -
          2.67387  4.35200  2.77864  2.72486  3.46624  2.40950  3.70595  3.29912  2.67736  2.69492  4.24512  2.91376  2.74262  3.18446  2.89945  2.38468  2.77640  2.98205  4.58950  3.61602
          2.31687  0.10543  6.51385  3.23076  0.04033  0.46560  0.98822
      7   2.50920  4.93382  2.58864  2.52263  4.26884  1.75297  3.52017  3.65200  2.88826  2.99326  2.58342  3.32207  3.11533  3.32083  3.00983  3.13796  2.95921  2.88061  6.38116  4.33470   2684 g - - -
          2.61087  4.19452  2.80054  2.72241  3.47739  2.41823  3.66792  3.30590  2.70239  2.70046  4.19795  2.92293  2.77020  3.19456  2.89609  2.40346  2.76291  2.98401  4.59845  3.62187
          2.70228  0.08761  4.08437  4.00633  0.01837  1.34892  0.30046
      8   2.43874  5.81962  2.89036  2.58084  3.82031  3.11513  4.14346  3.03070  2.50361  3.04164  2.83895  2.92333  3.50843  3.11898  2.55264  2.58462  2.50841  2.97686  3.86672  3.66754   3115 a - - -
          2.68618  4.42225  2.77519  2.73123  3.46354  2.40513  3.72494  3.29354  2.67741  2.69355  4.24690  2.90347  2.73739  3.18146  2.89801  2.37887  2.77519  2.98518  4.58477  3.61503
          0.51812  6.67252  0.90858  0.61958  0.77255  1.30734  0.31545
      9   2.54041  5.15451  3.13167  2.34277  3.17984  3.68306  4.17636  3.13900  2.16236  2.89780  2.18095  3.17675  2.93825  3.02775  2.92014  2.80187  3.10946  3.47732  6.44415  3.43251   3116 k - - -
          2.68618  4.42225  2.77519  2.73123  3.46354  2.40513  3.72494  3.29354  2.67741  2.69355  4.24690  2.90347  2.73739  3.18146  2.89801  2.37887  2.77519  2.98518  4.58477  3.61503
          0.00491  6.31068  5.78351  0.61958  0.77255  2.34317  0.10095
     10   2.62595  5.73438  3.19595  2.75778  3.77955  3.87667  3.61775  3.18865  1.81916  2.73975  3.40450  3.17139  3.20514  3.01200  1.94587  2.65523  2.97673  3.32051  6.51548  4.19767   3117 k - - -
          2.68607  4.42242  2.77536  2.73105  3.46358  2.40501  3.72511  3.29349  2.67743  2.69348  4.24635  2.90363  2.73756  3.18163  2.89797  2.37899  2.77503  2.98535  4.58389  3.61495
          0.02226  4.78624  4.29273  1.66373  0.21002  2.05525  0.13704
     11   2.71888  5.63821  1.07273  2.75752  4.72865  3.94373  3.39909  4.41890  3.11201  4.10547  5.16903  2.19104  4.42722  3.45944  3.32418  2.58206  2.42334  3.99000  6.47470  4.69525   3132 d - - -
          2.68618  4.42225  2.77519  2.73123  3.46354  2.40513  3.72494  3.29354  2.67741  2.69355  4.24690  2.90347  2.73739  3.18146  2.89801  2.37887  2.77519  2.98518  4.58477  3.61503
          0.00430  6.39625  5.94347  0.61958  0.77255  2.46538  0.08881
     12   2.72417  3.72547  4.84021  4.38118  2.93765  4.63411  2.56674  2.77830  4.85702  2.21756  3.67952  4.89219  2.35604  4.91015  4.56365  4.04597  3.95822  3.05144  5.08266  1.09009   3133 y - - -
          2.68618  4.42225  2.77519  2.73123  3.46354  2.40513  3.72494  3.29354  2.67741  2.69355  4.24690  2.90347  2.73739  3.18146  2.89801  2.37887  2.77519  2.98518  4.58477  3.61503
          0.00247  6.39967  7.12202  0.61958  0.77255  2.54260  0.08193
     13   3.23303  4.33616  4.42929  4.21620  3.44131  4.06339  4.46493  3.56536  3.81405  2.88492  4.28948  4.70280  4.88755  4.27500  3.64450  3.46723  3.83240  3.32698  3.37756  0.57872   3134 Y - - -
          2.68618  4.42225  2.77519  2.73123  3.46354  2.40513  3.72494  3.29354  2.67741  2.69355  4.24690  2.90347  2.73739  3.18146  2.89801  2.37887  2.77519  2.98518  4.58477  3.61503
          0.01352  6.40156  4.44225  0.61958  0.77255  1.50118  0.25214
     14   2.25762  6.02890  2.36134  1.44309  5.34896  3.53997  3.88192  4.23401  2.06504  3.50807  4.84424  3.52126  4.76228  2.57271  2.41942  2.80260  3.25328  4.24627  6.70482  4.53421   3135 e - - -
          2.68618  4.42225  2.77519  2.73123  3.46354  2.40513  3.72494  3.29354  2.67741  2.69355  4.24690  2.90347  2.73739  3.18146  2.89801  2.37887  2.77519  2.98518  4.58477  3.61503
          0.02788  6.48774  3.65072  0.61958  0.77255  1.72987  0.19517
     15   3.07233  4.80510  4.01493  3.67963  4.03285  4.87302  4.63536  1.23991  4.29557  1.96974  3.84588  3.97308  5.12071  4.40070  3.86958  3.83185  2.58773  1.46703  4.70918  4.72852   3136 i - - -
          2.68608  4.42004  2.77455  2.73130  3.46401  2.40535  3.72516  3.29319  2.67771  2.69354  4.24722  2.90391  2.73731  3.18162  2.89831  2.37911  2.77532  2.98389  4.58471  3.61542
          0.14382  2.23122  3.62850  0.84071  0.56458  2.07436  0.13426
     16   3.32178  5.06614  4.71643  4.49422  3.56485  4.21589  4.02862  3.60122  4.33023  0.42200  3.93418  4.77003  3.90687  5.06326  4.63669  3.92228  3.67602  2.90733  5.93514  4.27644   3141 L - - -
          2.68618  4.42225  2.77520  2.73124  3.46346  2.40510  3.72495  3.29354  2.67741  2.69355  4.24690  2.90347  2.73740  3.18147  2.89801  2.37887  2.77520  2.98519  4.58477  3.61503
          0.06046  5.88471  2.88447  0.62979  0.76079  2.36514  0.09865
     17   3.14823  5.78725  3.26778  2.39219  5.26633  0.73931  4.29442  4.71453  2.82640  3.94873  4.50374  3.08425  4.54689  2.98526  3.06574  3.27292  3.88236  4.48564  6.67750  5.26625   3144 g - - -
          2.68618  4.42225  2.77519  2.73123  3.46354  2.40513  3.72494  3.29354  2.67741  2.69355  4.24690  2.90347  2.73739  3.18146  2.89801  2.37887  2.77519  2.98518  4.58477  3.61503
          0.00270  6.45321  6.79175  0.61958  0.77255  0.98876  0.46528
     18   2.97993  4.92889  3.72139  3.64547  4.55647  4.15785  5.01945  2.02746  3.05181  1.75998  4.20751  4.00919  4.42356  3.91158  3.65517  3.30974  3.64974  1.06196  6.22524  4.99806   3145 v - - -
          2.68147  4.42567  2.77577  2.72702  3.46567  2.40659  3.72576  3.29505  2.67966  2.69367  4.24920  2.90482  2.73548  3.18124  2.89830  2.37764  2.77511  2.98691  4.58761  3.61859
          1.37063  0.29463  6.68465  0.91620  0.51089  1.86868  0.16762
     19   2.26981  5.22599  3.06216  2.75205  4.13101  3.44903  3.81680  3.73491  2.08422  3.52859  4.84885  2.99733  2.38926  3.24575  2.01489  2.34123  2.52605  3.83049  6.68779  4.39140   3159 r - - -
          2.68618  4.42225  2.77519  2.73123  3.46354  2.40513  3.72494  3.29354  2.67741  2.69355  4.24690  2.90347  2.73739  3.18146  2.89801  2.37887  2.77519  2.98518  4.58477  3.61503
          0.01107  6.63382  4.63585  0.61958  0.77255  1.38009  0.28976
     20   2.62588  5.70210  2.00734  2.66808  4.57407  2.98218  3.83689  4.31766  2.53225  3.78447  4.72685  2.55628  2.83892  2.65333  2.53202  2.52688  2.19344  3.81689  6.66518  4.35037   3160 d - - -
          2.65938  4.42903  2.77182  2.72412  3.46838  2.41005  3.72423  3.29801  2.68352  2.69550  4.25150  2.90956  2.74255  3.18310  2.89792  2.37889  2.77528  2.98855  4.58652  3.62098
          2.41205  0.10350  4.74554  1.65589  0.21186  2.00202  0.14510
     21   1.90061  5.37802  1.97563  1.69362  4.56500  3.36415  4.11888  3.56685  2.43541  3.58927  4.32331  3.50425  4.48063  2.94430  3.04330  3.02188  3.28775  3.93677  3.03323  4.60482   3211 e - - -
          2.68618  4.42225  2.77519  2.73123  3.46354  2.40513  3.72494  3.29354  2.67741  2.69355  4.24690  2.90347  2.73739  3.18146  2.89801  2.37887  2.77519  2.98518  4.58477  3.61503
          0.28833  6.66218  1.38947  0.61958  0.77255  2.02823  0.14107
     22   2.71111  6.18122  2.19813  0.94593  4.64656  3.91710  4.35812  4.30563  3.04286  3.82318  4.64036  3.87019  4.53199  2.36804  3.63842  3.48324  2.79437  3.09618  6.61577  4.94070   3212 e - - -
          2.68618  4.42225  2.77519  2.73123  3.46354  2.40513  3.72494  3.29354  2.67741  2.69355  4.24690  2.90347  2.73739  3.18146  2.89801  2.37887  2.77519  2.98518  4.58477  3.61503
          0.00419  6.37810  5.99816  0.61958  0.77255  2.50333  0.08535
     23   3.25338  5.20445  5.50387  4.94796  4.24035  5.00481  5.34013  0.54504  4.97296  1.98772  4.19240  5.16971  5.36769  4.95733  4.61641  4.16825  3.93799  2.27754  5.52691  4.49361   3213 I - - -
          2.68618  4.42225  2.77519  2.73123  3.46354  2.40513  3.72494  3.29354  2.67741  2.69355  4.24690  2.90347  2.73739  3.18146  2.89801  2.37887  2.77519  2.98518  4.58477  3.61503
          0.00483  6.38268  5.76792  0.61958  0.77255  1.18944  0.36297
     24   3.21482  5.92472  3.46353  2.91078  4.85728  4.53307  4.26834  3.82981  0.84454  3.84068  4.80339  3.46861  4.19015  3.11122  1.92508  2.89074  3.24846  4.24073  6.74122  4.50288   3214 k - - -
          2.68499  4.42008  2.77561  2.73030  3.46385  2.40585  3.72574  3.29376  2.67764  2.69285  4.24605  2.90432  2.73839  3.18183  2.89552  2.37928  2.77539  2.98569  4.58446  3.61575
          0.18011  1.95988  3.73176  1.58105  0.23037  2.11483  0.12858
     25   2.15178  5.82758  3.52906  2.63328  4.96108  3.97125  4.08298  4.14015  1.41398  3.33725  4.90281  3.27068  4.45494  2.47762  2.08510  2.39659  2.83073  3.95966  6.41833  5.06737   3245 k - - -
          2.68618  4.42225  2.77519  2.73123  3.46354  2.40513  3.72494  3.29354  2.67741  2.69355  4.24690  2.90347  2.73739  3.18146  2.89801  2.37887  2.77519  2.98518  4.58477  3.61503
          0.13912  6.53514  2.05244  0.61958  0.77255  2.36877  0.09827
     26   0.56178  5.44127  3.96583  3.19032  5.33822  3.84888  4.38497  4.31967  2.99204  3.96188  5.00549  3.84693  4.89790  3.47795  3.26609  2.61466  3.68069  3.42521  6.52554  4.91554   3246 A - - -
          2.68618  4.42225  2.77519  2.73123  3.46354  2.40513  3.72494  3.29354  2.67741  2.69355  4.24690  2.90347  2.73739  3.18146  2.89801  2.37887  2.77519  2.98518  4.58477  3.61503
          0.00483  6.39850  5.75928  0.61958  0.77255  1.21669  0.35127
     27   3.46582  5.59749  3.47048  4.06307  1.98263  3.73793  3.75407  3.81101  3.42954  3.56938  4.03350  4.47553  5.25627  4.32917  3.66721  3.84986  3.76532  3.83334  4.05280  0.70801   3247 y - - -
          2.68617  4.42234  2.77529  2.73132  3.46353  2.40522  3.72504  3.29363  2.67733  2.69332  4.24699  2.90349  2.73749  3.18156  2.89768  2.37896  2.77529  2.98504  4.58486  3.61470
          0.03489  3.98404  4.15578  0.91954  0.50866  1.35688  0.29768
     28   2.97061  5.13308  3.85376  3.00394  4.37437  3.80677  3.66710  4.50392  2.39230  3.60755  4.87725  3.39900  3.72842  3.05289  0.72287  3.36849  3.85089  4.28296  6.61787  4.29828   3251 r - - -
          2.68618  4.42225  2.77519  2.73123  3.46354  2.40513  3.72494  3.29354  2.67741  2.69355  4.24690  2.90347  2.73739  3.18146  2.89801  2.37887  2.77519  2.98518  4.58477  3.61503
          0.00296  6.60725  6.43209  0.61958  0.77255  1.43243  0.27276
     29   2.42880  6.24028  2.66206  2.56137  4.17367  3.93268  4.25553  4.68801  1.45701  3.13408  4.27333  3.33044  4.48131  2.89163  1.85216  2.79386  3.23546  3.69661  5.45621  3.68734   3252 k - - -
          2.68281  4.42394  2.77618  2.72940  3.46466  2.40593  3.72600  3.29347  2.67787  2.69371  4.24595  2.90453  2.73768  3.18220  2.89582  2.37929  2.77550  2.98512  4.58669  3.61668
          0.33988  1.25254  6.04529  1.12778  0.39119  1.31666  0.31202
     30   2.35878  5.47903  3.72264  3.20416  4.32891  4.15750  4.71245  3.04766  2.69414  0.97166  3.21206  3.80610  3.71201  3.45713  3.05633  3.20477  3.54167  2.88729  5.70131  4.50335   3263 l - - -
          2.68549  4.42285  2.77402  2.73109  3.46347  2.40533  3.72554  3.29411  2.67770  2.69374  4.24661  2.90374  2.73774  3.18121  2.89830  2.37876  2.77495  2.98555  4.58537  3.61496
          0.19480  1.93018  3.44575  0.61303  0.78024  1.92578  0.15754
     31   0.99321  2.17941  4.24175  3.58310  4.16336  4.22939  4.98450  3.27364  3.31819  2.74235  3.75257  3.87426  4.63945  3.97574  3.76604  2.44375  3.85419  2.49738  5.63952  4.68977   3268 a - - -
          2.68618  4.42225  2.77519  2.73123  3.46354  2.40513  3.72494  3.29354  2.67741  2.69355  4.24690  2.90347  2.73739  3.18146  2.89801  2.37887  2.77519  2.98518  4.58477  3.61503
          0.03690  6.66861  3.35350  0.61958  0.77255  2.03410  0.14018
     32   2.63437  6.36778  3.70907  2.83206  3.96120  3.91989  4.46327  3.56258  1.40119  2.81253  3.13574  3.80248  4.48843  2.59465  1.70619  2.74008  3.53623  3.71970  6.42458  5.25977   3269 k - - -
          2.68618  4.42226  2.77520  2.73124  3.46354  2.40513  3.72495  3.29354  2.67741  2.69350  4.24690  2.90347  2.73740  3.18147  2.89801  2.37887  2.77515  2.98519  4.58477  3.61504
          0.04080  5.84225  3.29473  0.63307  0.75706  2.11250  0.12890
     33   2.80311  6.05986  3.10628  2.01812  4.46298  3.05293  4.45239  3.74920  1.45096  2.95490  4.77373  3.75401  4.88012  2.26108  2.50302  2.98337  2.73905  3.56342  5.80315  4.98353   3272 k - - -
          2.68618  4.42225  2.77519  2.73123  3.46354  2.40513  3.72494  3.29354  2.67741  2.69355  4.24690  2.90347  2.73739  3.18146  2.89801  2.37887  2.77519  2.98518  4.58477  3.61503
          0.01544  6.59845  4.27191  0.61958  0.77255  2.20297  0.11707
     34   2.99154  1.91448  5.04348  4.61508  2.85765  4.55943  3.14064  3.57017  4.41517  2.19714  3.91516  4.30800  5.25809  5.17712  4.42324  3.87003  3.20413  2.79613  3.33136  1.17427   3273 y - - -
          2.68618  4.42225  2.77520  2.73124  3.46354  2.40513  3.72495  3.29354  2.67738  2.69352  4.24690  2.90347  2.73740  3.18147  2.89801  2.37887  2.77520  2.98519  4.58477  3.61503
          0.00453  5.95868  6.24654  0.62986  0.76071  1.68131  0.20595
     35   3.26479  6.34733  3.73200  3.27728  5.48141  4.43250  0.47578  4.92484  3.37156  3.49957  5.07492  3.73804  4.20207  3.51418  3.28636  3.27581  3.72748  4.73191  6.78674  5.26782   3276 H - - -
          2.68618  4.42225  2.77519  2.73123  3.46354  2.40513  3.72494  3.29354  2.67741  2.69355  4.24690  2.90347  2.73739  3.18146  2.89801  2.37887  2.77519  2.98518  4.58477  3.61503
          0.00697  6.61952  5.18365  0.61958  0.77255  2.07884  0.13362
     36   2.62304  6.34021  3.81923  3.45898  5.67130  3.29393  4.16298  4.76317  3.18688  3.60684  5.31279  3.37746  0.60327  3.66011  3.53791  3.11225  3.53334  3.99579  6.78135  5.29049   3277 P - - -
          2.68618  4.42225  2.77519  2.73123  3.46354  2.40513  3.72494  3.29354  2.67741  2.69355  4.24690  2.90347  2.73739  3.18146  2.89801  2.37887  2.77519  2.98518  4.58477  3.61503
          0.10723  6.61906  2.29911  0.61958  0.77255  2.00864  0.14407
     37   3.42671  6.29869  0.59972  2.67342  5.22508  3.75106  4.33729  4.93812  3.10196  4.55538  5.09876  3.44478  3.70120  3.40498  3.09736  3.22512  3.39816  3.85961  6.25721  5.14291   3278 D - - -
          2.68618  4.42225  2.77519  2.73123  3.46354  2.40513  3.72494  3.29354  2.67741  2.69355  4.24690  2.90347  2.73739  3.18146  2.89801  2.37887  2.77519  2.98518  4.58477  3.61503
          0.00259  6.52321  6.79814  0.61958  0.77255  0.52055  0.90188
     38   2.66526  4.96271  3.31486  2.96302  3.90381  3.64439  3.57814  3.34106  2.19866  2.38701  3.86941  3.58540  3.82245  3.25433  1.87749  2.92271  2.60589  2.25942  4.34451  4.14317   3279 r - - -
          2.65016  4.43195  2.77392  2.70448  3.47192  2.41545  3.72950  3.29910  2.68327  2.69327  4.25280  2.90190  2.73900  3.18011  2.90009  2.39240  2.78062  2.98969  4.59786  3.62389
          3.16786  0.04526  6.13892  2.58061  0.07875  1.57979  0.23070
     39   1.75458  5.18001  2.54097  1.38766  4.21240  3.92242  4.05036  3.76278  2.64554  3.11357  4.41054  3.46747  4.57251  2.91536  3.04878  2.70735  3.21438  3.68627  5.93095  4.38986   3439 e - - -
          2.68618  4.42225  2.77519  2.73123  3.46354  2.40513  3.72494  3.29354  2.67741  2.69355  4.24690  2.90347  2.73739  3.18146  2.89801  2.37887  2.77519  2.98518  4.58477  3.61503
          0.41768  6.73910  1.07810  0.61958  0.77255  1.67925  0.20643
     40   3.04233  5.62573  3.54557  2.60007  4.83484  3.82562  3.68902  3.19943  1.31336  3.09460  4.07666  3.31240  4.62313  2.70929  1.63263  3.17871  3.44448  3.66153  6.02398  4.71921   3440 k - - -
          2.68618  4.42225  2.77520  2.73123  3.46349  2.40513  3.72495  3.29354  2.67741  2.69355  4.24690  2.90347  2.73740  3.18146  2.89801  2.37887  2.77520  2.98518  4.58477  3.61498
          0.00790  5.56813  5.50782  0.53861  0.87601  2.00743  0.14426
     41   3.24290  5.02935  4.63659  4.06711  0.74819  4.91619  5.22644  2.83338  3.36559  2.71485  2.47578  4.65426  4.94871  4.15734  3.91229  3.10654  3.42475  3.24951  5.86047  3.61988   3442 f - - -
          2.68618  4.42225  2.77519  2.73123  3.46354  2.40513  3.72494  3.29354  2.67741  2.69355  4.24690  2.90347  2.73739  3.18146  2.89801  2.37887  2.77519  2.98518  4.58477  3.61503
          0.00254  6.37290  7.09525  0.61958  0.77255  2.04450  0.13862
     42   2.50608  6.06628  3.72528  3.05583  4.47976  3.31441  3.79211  3.40734  1.23777  3.51184  4.28649  3.58123  4.72053  1.90197  2.26429  3.10467  3.49243  3.54394  6.63833  4.38185   3443 k - - -
          2.68618  4.42225  2.77519  2.73123  3.46354  2.40513  3.72494  3.29354  2.67741  2.69355  4.24690  2.90347  2.73739  3.18146  2.89801  2.37887  2.77519  2.98518  4.58477  3.61503
          0.01898  6.41251  4.06540  0.61958  0.77255  2.52634  0.08333
     43   2.36298  6.10755  3.09385  1.28069  4.70616  4.26548  4.00675  3.69957  2.55089  2.31907  4.37672  3.63605  4.54925  2.38851  2.39255  3.06930  3.48433  3.90740  6.43577  5.02208   3444 e - - -
          2.68618  4.42225  2.77519  2.73123  3.46354  2.40513  3.72494  3.29354  2.67741  2.69355  4.24690  2.90347  2.73739  3.18146  2.89801  2.37887  2.77519  2.98518  4.58477  3.61503
          0.00436  6.39661  5.92003  0.61958  0.77255  2.04803  0.13810
     44   2.76256  4.93007  5.83082  4.96695  3.93618  4.86708  4.37861  1.06733  4.63639  1.59092  4.03413  4.97175  5.39085  4.93346  4.63479  3.97345  3.88634  1.52212  5.85210  4.13033   3445 i - - -
          2.68618  4.42225  2.77519  2.73123  3.46354  2.40513  3.72494  3.29354  2.67741  2.69355  4.24690  2.90347  2.73739  3.18146  2.89801  2.37887  2.77519  2.98518  4.58477  3.61503
          0.00240  6.43029  7.15264  0.61958  0.77255  1.90309  0.16147
     45   2.82706  5.25040  3.40217  2.90079  4.47960  3.26842  3.99476  3.60218  2.85451  3.18295  4.79364  1.38976  4.62999  2.30281  2.61326  2.31181  2.61976  3.65617  6.68799  4.28782   3446 n - - -
          2.68618  4.42225  2.77519  2.73123  3.46354  2.40513  3.72494  3.29354  2.67741  2.69355  4.24690  2.90347  2.73739  3.18146  2.89801  2.37887  2.77519  2.98518  4.58477  3.61503
          0.00731  6.47296  5.16137  0.61958  0.77255  1.63381  0.21714
     46   2.25525  6.05144  2.72923  1.03707  5.12408  3.92993  4.16136  4.14926  2.83242  3.61229  5.13503  3.16043  3.92091  2.57647  2.88945  3.21622  3.04843  3.56669  4.91146  4.91977   3447 e - - -
          2.68618  4.42225  2.77519  2.73123  3.46354  2.40513  3.72494  3.29354  2.67741  2.69355  4.24690  2.90347  2.73739  3.18146  2.89801  2.37887  2.77519  2.98518  4.58477  3.61503
          0.02394  6.52707  3.80804  0.61958  0.77255  2.33529  0.10179
     47   0.49107  5.45157  3.67125  3.28010  5.03157  3.17117  4.69414  4.22082  3.43577  3.35490  4.55919  4.12348  5.00747  3.70320  3.78128  3.30732  3.72744  3.62433  6.46593  4.46000   3448 A - - -
          2.68618  4.42225  2.77519  2.73123  3.46354  2.40513  3.72494  3.29354  2.67741  2.69355  4.24690  2.90347  2.73739  3.18146  2.89801  2.37887  2.77519  2.98518  4.58477  3.61503
          0.00521  6.50509  5.59979  0.61958  0.77255  2.14724  0.12421
     48   3.65390  5.27046  4.40713  3.75270  2.87965  4.90179  3.71731  3.91039  3.97232  2.93695  4.42338  3.49383  5.29944  4.29900  3.94894  4.09349  3.94844  3.42410  3.74888  0.54261   3449 Y - - -
          2.68618  4.42225  2.77519  2.73123  3.46354  2.40513  3.72494  3.29354  2.67741  2.69355  4.24690  2.90347  2.73739  3.18146  2.89801  2.37887  2.77519  2.98518  4.58477  3.61503
          0.01018  6.51335  4.75126  0.61958  0.77255  2.25406  0.11090
     49   2.17882  6.05334  2.21799  1.23268  4.36751  3.53351  3.60977  4.93795  2.65435  3.91282  4.91607  3.14326  4.92847  2.61966  2.93617  2.83635  3.19952  3.67130  6.72041  4.82533   3450 e - - -
          2.68618  4.42225  2.77519  2.73123  3.46354  2.40513  3.72494  3.29354  2.67741  2.69355  4.24690  2.90347  2.73739  3.18146  2.89801  2.37887  2.77519  2.98518  4.58477  3.61503
          0.05079  6.51078  3.03586  0.61958  0.77255  2.14822  0.12408
     50   2.92958  4.89645  4.64271  3.67171  3.45624  4.20297  4.71092  2.19966  3.17714  2.45835  3.76278  3.89153  5.31032  3.22318  3.20526  3.38420  2.14005  1.21637  5.17811  3.57635   3451 v - - -
          2.68620  4.42227  2.77521  2.73118  3.46355  2.40514  3.72496  3.29356  2.67742  2.69356  4.24691  2.90348  2.73741  3.18148  2.89802  2.37888  2.77521  2.98511  4.58478  3.61472
          0.08895  5.52511  2.51183  0.84628  0.56038  2.41603  0.09351
     51   2.84445  5.15087  5.30152  3.77085  3.85059  4.90869  5.09125  2.54491  4.16698  0.46349  4.30854  5.12592  5.34884  5.05336  4.62797  4.06191  3.96840  2.81265  5.82735  4.53378   3456 L - - -
          2.68618  4.42225  2.77519  2.73123  3.46354  2.40513  3.72494  3.29354  2.67741  2.69355  4.24690  2.90347  2.73739  3.18146  2.89801  2.37887  2.77519  2.98518  4.58477  3.61503
          0.00288  6.39023  6.72876  0.61958  0.77255  2.52059  0.08383
     52   3.20572  4.66636  3.76590  3.12230  4.95314  2.52335  4.33160  3.49476  2.43051  2.82779  3.32825  3.15178  4.48666  3.16365  2.78804  1.15243  2.86515  3.51727  6.48644  4.93067   3457 s - - -
          2.68618  4.42225  2.77519  2.73123  3.46354  2.40513  3.72494  3.29354  2.67741  2.69355  4.24690  2.90347  2.73739  3.18146  2.89801  2.37887  2.77519  2.98518  4.58477  3.61503
          0.00880  6.39286  4.94943  0.61958  0.77255  2.24691  0.11174
     53   3.31050  6.02902  0.95896  2.76681  5.16749  3.78774  3.78300  4.58356  2.69091  4.16124  4.98257  2.13594  4.63348  3.06321  3.01195  2.67403  3.23708  4.06168  4.98007  4.93028   3458 d - - -
          2.68576  4.42244  2.77516  2.73133  3.46373  2.40530  3.72491  3.29373  2.67759  2.69333  4.24709  2.90324  2.73757  3.18164  2.89776  2.37898  2.77525  2.98500  4.58496  3.61479
          0.05161  3.34526  4.19661  1.11226  0.39871  1.40837  0.28043
     54   2.20445  6.12456  3.03888  2.22814  4.68259  3.77020  3.87879  3.30145  2.72971  3.36573  4.49040  3.38395  1.35509  3.30023  3.47885  2.91090  3.32249  3.00307  6.22176  3.52613   3466 p - - -
          2.68618  4.42225  2.77519  2.73123  3.46354  2.40513  3.72494  3.29354  2.67741  2.69355  4.24690  2.90347  2.73739  3.18146  2.89801  2.37887  2.77519  2.98518  4.58477  3.61503
          0.02894  6.49894  3.61128  0.61958  0.77255  2.22350  0.11455
     55   2.30764  5.68577  2.63471  1.57388  5.11430  3.50758  4.10741  3.84052  2.39589  3.19439  4.85977  3.01213  4.04989  2.33469  2.79253  2.80991  2.81213  3.03930  6.69909  4.57778   3467 e - - -
          2.68620  4.42227  2.77514  2.73121  3.46356  2.40505  3.72496  3.29356  2.67742  2.69357  4.24691  2.90343  2.73741  3.18148  2.89802  2.37888  2.77521  2.98520  4.58479  3.61505
          0.01445  5.21108  4.72310  0.73968  0.64868  2.17198  0.12098
     56   2.59490  6.07693  3.44005  2.73825  4.71511  3.84404  3.44138  4.17936  1.29401  3.15876  4.39015  3.30020  3.67825  2.49584  1.98828  2.82946  3.37779  3.86402  6.70002  3.78622   3471 k - - -
          2.68618  4.42225  2.77516  2.73123  3.46354  2.40513  3.72495  3.29354  2.67741  2.69355  4.24690  2.90347  2.73740  3.18146  2.89801  2.37887  2.77520  2.98518  4.58477  3.61503
          0.04120  5.83366  3.28523  0.55597  0.85218  2.11441  0.12863
     57   2.99578  6.01415  3.56747  2.93910  5.28107  3.75008  4.26951  4.86965  2.32730  3.89442  5.00951  3.35461  3.93868  3.06510  0.75555  3.11617  3.17813  3.99791  5.72980  4.32980   3473 r - - -
          2.68623  4.42231  2.77525  2.73121  3.46350  2.40516  3.72495  3.29353  2.67738  2.69357  4.24693  2.90348  2.73739  3.18146  2.89805  2.37888  2.77502  2.98520  4.58483  3.61494
          0.02691  4.00744  4.78283  0.76109  0.62953  2.13535  0.12579
     58   1.56549  5.87334  3.20329  2.57650  4.48000  3.00384  3.77748  4.33800  2.08484  3.46676  4.87586  3.22544  3.16236  2.53158  2.27917  2.57220  3.35940  3.78300  5.93113  4.51105   3477 a - - -
          2.68584  4.42205  2.77539  2.73088  3.46377  2.40550  3.72545  3.29356  2.67748  2.69349  4.24724  2.90315  2.73778  3.18091  2.89746  2.37895  2.77542  2.98529  4.58471  3.61483
          0.28123  1.42164  5.56606  0.44545  1.02315  1.62856  0.21842
     59   2.02787  5.85739  3.25049  2.22935  3.94304  3.27200  4.06133  3.32915  2.52627  3.45065  4.21133  3.21411  3.32304  2.60815  2.61347  2.79312  3.15137  3.31720  5.05417  2.18523   3495 a - - -
          2.68651  4.42365  2.77638  2.73189  3.46043  2.40676  3.72496  3.29502  2.67819  2.69450  4.24853  2.90407  2.73849  3.18241  2.89912  2.37997  2.77590  2.98565  4.58559  3.58621
          1.30745  0.36474  3.34911  0.40636  1.09682  1.72010  0.19729
     60   2.92407  6.26061  0.84776  2.36938  4.08135  3.35457  4.41655  3.92368  3.17676  3.45898  4.43473  3.05611  3.48436  3.35035  3.52145  3.21327  3.41661  3.70823  6.69611  4.37477   3502 d - - -
          2.68618  4.42225  2.77519  2.73123  3.46354  2.40513  3.72494  3.29354  2.67741  2.69355  4.24690  2.90347  2.73739  3.18146  2.89801  2.37887  2.77519  2.98518  4.58477  3.61503
          0.04021  6.48880  3.27311  0.61958  0.77255  1.93034  0.15677
     61   2.06070  3.74243  3.20403  2.27783  4.21584  3.34348  3.27342  4.11436  2.82263  3.09423  4.26058  3.37191  4.36635  2.06750  2.11335  2.51952  2.90707  3.59710  5.77956  3.78577   3503 a - - -
          2.68618  4.42225  2.77519  2.73123  3.46354  2.40513  3.72494  3.29354  2.67741  2.69355  4.24690  2.90347  2.73739  3.18146  2.89801  2.37887  2.77519  2.98518  4.58477  3.61503
          0.12939  6.46903  2.12175  0.61958  0.77255  2.16613  0.12174
     62   2.54452  5.61455  3.03124  2.59494  2.98252  2.86199  3.57339  3.79196  2.45898  3.10445  4.01674  3.18864  3.98175  2.66200  2.12558  2.56724  2.69175  3.32128  4.08988  3.17694   3504 r - - -
          2.68618  4.42225  2.77519  2.73123  3.46354  2.40513  3.72494  3.29354  2.67741  2.69355  4.24690  2.90347  2.73739  3.18146  2.89801  2.37887  2.77519  2.98518  4.58477  3.61503
          0.03647  6.34766  3.37967  0.61958  0.77255  2.36357  0.09881
     63   2.72383  4.69627  3.62000  2.74003  3.31054  2.18748  4.25249  2.82939  2.76728  2.03887  4.36377  3.55385  4.09202  2.90454  2.42882  2.98349  2.75517  3.13173  4.04555  3.15604   3505 l - - -
          2.68618  4.42225  2.77519  2.73123  3.46354  2.40513  3.72494  3.29354  2.67741  2.69355  4.24690  2.90347  2.73739  3.18146  2.89801  2.37887  2.77519  2.98518  4.58477  3.61503
          0.03556  6.32390  3.40699  0.61958  0.77255  2.16432  0.12197
     64   2.35996  2.73944  2.99150  2.64032  3.47668  2.69419  2.75794  3.07303  2.74318  2.71032  4.60155  2.93220  3.65904  3.00146  2.58874  2.70764  3.09846  3.87133  5.22355  3.56159   3506 a - - -
          2.68618  4.42225  2.77519  2.73123  3.46354  2.40513  3.72494  3.29354  2.67741  2.69355  4.24690  2.90347  2.73739  3.18146  2.89801  2.37887  2.77519  2.98518  4.58477  3.61503
          0.04031  6.23973  3.28197  0.61278  0.78054  1.37029  0.29307
     65   2.00696  6.11262  2.89473  2.65573  3.32946  2.74581  2.84838  3.62504  2.92599  2.97985  3.74090  2.92384  3.29558  2.97321  3.01202  2.41651  3.01846  3.20618  6.33759  2.92629   3508 a - - -
          2.68618  4.42225  2.77519  2.73123  3.46354  2.40513  3.72494  3.29354  2.67741  2.69355  4.24690  2.90347  2.73739  3.18146  2.89801  2.37887  2.77519  2.98518  4.58477  3.61503
          0.03695  6.41181  3.36294  0.61958  0.77255  2.12283  0.12748
     66   2.23987  5.96715  3.21758  2.27569  3.74970  2.03585  3.78167  4.12945  2.72185  3.02417  4.28304  2.50397  3.02487  2.66412  2.91071  2.59442  3.12503  3.54995  5.20859  3.92079   3509 g - - -
          2.68615  4.42225  2.77520  2.73123  3.46354  2.40513  3.72495  3.29354  2.67741  2.69355  4.24690  2.90347  2.73740  3.18146  2.89801  2.37887  2.77519  2.98518  4.58477  3.61503
          0.19287  5.73042  1.75929  0.55053  0.85954  2.20638  0.11664
     67   2.35019  5.88174  2.98123  2.26199  3.20673  2.85785  3.80331  3.06517  2.68251  3.41849  3.86582  3.17711  3.04701  2.70563  2.60743  2.52954  2.68979  2.91068  5.10394  3.90195   3511 e - - -
          2.68618  4.42225  2.77519  2.73123  3.46354  2.40513  3.72494  3.29354  2.67741  2.69355  4.24690  2.90347  2.73739  3.18146  2.89801  2.37887  2.77519  2.98518  4.58477  3.61503
          0.00295  6.22416  6.94651  0.61958  0.77255  0.05235  2.97593
     68   2.30995  5.36802  2.49981  2.46657  3.69171  2.91040  3.65564  3.82230  2.67817  2.97764  3.56649  2.87409  3.27520  2.90218  2.89888  2.54749  2.64197  3.34933  3.99044  3.06254   3512 a - - -
          2.49501  4.12234  2.85407  2.68582  3.40973  2.45898  3.68595  3.21912  2.78939  2.58206  4.20775  3.04227  2.83545  3.16214  2.82192  2.51732  2.80320  2.94555  4.57544  3.59286
          3.46838  0.03221  7.54265  6.14288  0.00215  0.55308  0.85608
     69   2.62774  4.85060  2.75570  2.15914  3.79264  3.08207  3.13383  3.29306  2.54372  2.90862  4.27234  2.78462  2.46028  2.98802  2.82701  2.62105  2.91725  3.46815  4.60131  3.91103   6669 e - - -
          2.68618  4.42225  2.77519  2.73123  3.46354  2.40513  3.72494  3.29354  2.67741  2.69355  4.24690  2.90347  2.73739  3.18146  2.89801  2.37887  2.77519  2.98518  4.58477  3.61503
          0.48975  6.41963  0.95298  0.61958  0.77255  0.55308  0.85608
     70   2.42523  5.54383  2.62610  2.06454  4.37570  3.01171  3.21372  3.58352  2.60148  2.74620  4.55956  2.72856  3.57640  2.87980  2.75456  2.55837  3.16301  2.49662  5.52057  4.54199   6670 e - - -
          2.68618  4.42225  2.77519  2.73123  3.46354  2.40513  3.72494  3.29354  2.67741  2.69355  4.24690  2.90347  2.73739  3.18146  2.89801  2.37887  2.77519  2.98518  4.58477  3.61503
          0.18195  5.93261  1.80967  0.61958  0.77255  1.96420  0.15113
     71   1.92741  5.74235  2.83360  2.30690  4.54491  2.89124  3.97846  3.39933  2.65636  2.34765  3.62666  3.10666  3.12827  2.65731  2.96993  2.92378  3.14027  2.91104  5.47932  4.09377   6671 a - - -
          2.68618  4.42225  2.77519  2.73123  3.46354  2.40513  3.72494  3.29354  2.67741  2.69355  4.24690  2.90347  2.73739  3.18146  2.89801  2.37887  2.77519  2.98518  4.58477  3.61503
          0.00451  5.80044  6.52279  0.61958  0.77255  0.09906  2.36113
     72   2.80422  4.67713  3.11423  2.65400  3.17447  2.03882  3.37941  3.24834  2.64727  2.24345  3.66672  2.96622  3.34527  3.21325  2.86333  2.98464  2.97037  3.18635  5.19291  3.34716   6672 g - - -
          2.58091  4.34888  2.78461  2.72208  3.45569  2.45465  3.71746  3.26768  2.73589  2.62230  4.23487  2.97718  2.75399  3.18708  2.84422  2.44855  2.79432  2.96015  4.52333  3.58423
          3.04259  0.05839  4.70961  5.01689  0.00665  0.69569  0.69061
     73   2.68091  5.16910  3.17376  2.47846  3.53216  3.46100  3.47329  4.03383  2.70430  2.83779  4.31610  3.25811  3.38284  2.96963  2.68860  2.78023  3.34117  3.22380  1.62609  3.63911   7846 w - - -
          2.68618  4.42225  2.77519  2.73123  3.46354  2.40513  3.72494  3.29354  2.67741  2.69355  4.24690  2.90347  2.73739  3.18146  2.89801  2.37887  2.77519  2.98518  4.58477  3.61503
          0.26867  6.40929  1.45260  0.61958  0.77255  0.73426  0.65366
     74   2.21975  5.92779  3.10411  2.87902  2.85856  2.99455  3.79984  3.50639  2.69854  1.88550  4.60620  3.32644  2.92352  2.93101  2.54231  2.86531  2.91425  3.42098  5.53817  3.53044   7847 l - - -
          2.67228  4.42814  2.77729  2.73282  3.46182  2.40852  3.71605  3.29192  2.68432  2.68322  4.24167  2.91500  2.74272  3.18364  2.88641  2.38576  2.77622  2.97853  4.59276  3.61916
          2.40330  0.10017  5.31952  2.86396  0.05873  1.84158  0.17265
     75   2.07210  4.85837  3.14821  2.36290  4.22438  3.34019  3.81798  3.44428  2.66878  3.11256  4.35229  2.88935  3.02567  2.68071  1.74688  2.85051  3.04458  3.67851  6.43627  3.94709   7940 r - - -
          2.68618  4.42225  2.77519  2.73123  3.46354  2.40513  3.72494  3.29354  2.67741  2.69355  4.24690  2.90347  2.73739  3.18146  2.89801  2.37887  2.77519  2.98518  4.58477  3.61503
          0.27255  6.12064  1.44238  0.61958  0.77255  1.81324  0.17808
     76   2.03461  5.71154  2.83721  2.59104  4.32020  3.16259  4.17757  3.15361  2.51454  3.29296  4.17774  3.21636  3.53053  2.65661  1.71889  2.76227  2.83960  3.75765  6.26190  3.92608   7941 r - - -
          2.68607  4.42288  2.77481  2.73200  3.46024  2.40648  3.72470  3.29278  2.67813  2.69327  4.24720  2.90404  2.73889  3.18117  2.89639  2.37984  2.77534  2.98591  4.57097  3.61250
          0.97182  0.50786  3.92084  0.99672  0.46059  1.40025  0.28307
     77   2.32390  5.58515  3.03173  2.69849  3.29562  3.25599  4.06495  2.95946  3.02297  2.12970  4.27394  3.36669  3.71073  2.99809  2.19423  2.98958  2.80632  2.72052  6.15239  2.85134   7946 l - - -
          2.68070  4.42829  2.77640  2.72520  3.46136  2.40876  3.72543  3.29190  2.67824  2.69069  4.24012  2.90729  2.73980  3.17843  2.89497  2.38218  2.77739  2.98603  4.58791  3.61709
          2.12211  0.18875  2.95213  1.81860  0.17704  1.67778  0.20676
     78   2.35331  5.96985  2.47122  2.09929  4.15825  3.13748  3.81466  3.40934  2.59982  3.20511  4.84013  3.25477  3.07484  2.39811  2.15368  2.84655  2.87896  3.31217  6.40249  4.23919   7964 e - - -
          2.68618  4.42225  2.77519  2.73123  3.46354  2.40513  3.72494  3.29354  2.67741  2.69355  4.24690  2.90347  2.73739  3.18146  2.89801  2.37887  2.77519  2.98518  4.58477  3.61503
          0.09929  6.06692  2.38376  0.61958  0.77255  0.90274  0.51996
     79   2.13602  5.00669  2.35470  2.18228  4.51964  2.95757  4.02217  3.09220  2.66035  3.20052  4.90511  3.51611  3.07302  2.43890  2.43318  2.89655  2.90254  3.28869  6.45894  3.76045   7965 a - - -
          2.67992  4.42879  2.77229  2.72932  3.46442  2.40849  3.72506  3.29221  2.67878  2.69129  4.24317  2.90679  2.74352  3.17801  2.89625  2.38273  2.77630  2.98457  4.58144  3.60702
          1.87025  0.20253  3.53172  2.14606  0.12437  1.78846  0.18298
     80   3.05834  4.94982  3.86932  3.07155  1.75427  3.05682  3.68878  3.13657  3.60173  2.02063  3.53703  3.48367  4.22297  3.46492  3.06691  3.55139  3.43116  2.89541  3.95012  1.94826   8014 f - - -
          2.68618  4.42225  2.77519  2.73123  3.46354  2.40513  3.72494  3.29354  2.67741  2.69355  4.24690  2.90347  2.73739  3.18146  2.89801  2.37887  2.77519  2.98518  4.58477  3.61503
          0.29937  6.13577  1.36043  0.61958  0.77255  2.01481  0.14312
     81   2.14333  5.82434  2.72726  1.75735  5.11019  3.37842  3.83024  4.30363  2.41515  3.77594  4.79110  3.29860  4.00236  2.54120  2.23555  2.73653  2.34582  3.59183  6.25638  4.19923   8015 e - - -
          2.68618  4.42225  2.77519  2.73123  3.46354  2.40513  3.72494  3.29354  2.67741  2.69355  4.24690  2.90347  2.73739  3.18146  2.89801  2.37887  2.77519  2.98518  4.58477  3.61503
          0.02538  5.84073  3.80988  0.61958  0.77255  2.24021  0.11254
     82   2.60710  3.69849  3.33278  4.10454  3.21719  3.72606  4.81156  2.41124  3.70758  1.73026  3.53476  4.20618  4.62433  3.63294  3.59010  3.50655  2.60962  1.60254  3.90345  2.94702   8016 v - - -
          2.68618  4.42225  2.77519  2.73123  3.46354  2.40513  3.72494  3.29354  2.67741  2.69355  4.24690  2.90347  2.73739  3.18146  2.89801  2.37887  2.77519  2.98518  4.58477  3.61503
          0.01934  5.83751  4.12030  0.61958  0.77255  1.80825  0.17906
     83   3.05897  5.60475  3.11486  2.89356  4.59403  2.77796  4.15661  3.96595  2.93796  0.91375  3.32660  3.35023  4.40034  3.39922  3.07218  2.89087  3.27709  3.83338  6.09940  4.75495   8017 l - - -
          2.68618  4.42225  2.77519  2.73123  3.46354  2.40513  3.72494  3.29354  2.67741  2.69355  4.24690  2.90347  2.73739  3.18146  2.89801  2.37887  2.77519  2.98518  4.58477  3.61503
          0.03344  5.89516  3.50198  0.61958  0.77255  0.78870  0.60594
     84   2.78612  6.02292  2.89081  2.19592  4.57461  1.25991  4.19928  4.06207  2.87562  3.40944  4.48810  3.26344  4.06481  2.84864  2.55256  3.06846  3.32679  3.38756  5.18383  3.53325   8018 g - - -
          2.67182  4.42713  2.77959  2.73055  3.47168  2.40825  3.72490  3.29591  2.68456  2.68926  4.24657  2.91045  2.73589  3.17747  2.89133  2.38222  2.77550  2.98169  4.58466  3.61430
          2.11188  0.13015  6.87912  2.70610  0.06913  1.95353  0.15289
     85   3.03832  6.02248  2.05577  2.49182  3.98060  2.23756  3.73071  3.91734  2.82697  3.83577  4.94248  2.84104  2.81467  2.83930  2.96730  2.23857  2.19191  3.87247  5.79407  4.47710   8138 d - - -
          2.68618  4.42225  2.77519  2.73123  3.46354  2.40513  3.72494  3.29354  2.67741  2.69355  4.24690  2.90347  2.73739  3.18146  2.89801  2.37887  2.77519  2.98518  4.58477  3.61503
          0.22169  6.14445  1.62611  0.61958  0.77255  1.95353  0.15289
     86   0.84940  4.69771  3.67625  3.71282  3.94970  4.39837  4.22490  3.50269  3.71051  2.59179  3.95980  3.99512  4.74743  4.00640  3.43438  2.74554  2.46271  2.57012  5.70705  4.42483   8139 a - - -
          2.68618  4.42225  2.77519  2.73123  3.46354  2.40513  3.72494  3.29354  2.67741  2.69355  4.24690  2.90347  2.73739  3.18146  2.89801  2.37887  2.77519  2.98518  4.58477  3.61503
          0.02474  5.92673  3.82723  0.61958  0.77255  2.03262  0.14040
     87   2.51414  5.87692  2.23484  2.64417  5.22084  2.59529  4.33036  4.49447  2.94232  3.47794  4.91790  3.20942  2.43383  3.12966  3.42745  1.79346  1.95650  3.83417  6.31030  4.90004   8140 s - - -
          2.68618  4.42225  2.77519  2.73123  3.46354  2.40513  3.72494  3.29354  2.67741  2.69355  4.24690  2.90347  2.73739  3.18146  2.89801  2.37887  2.77519  2.98518  4.58477  3.61503
          0.01765  5.92922  4.21048  0.61958  0.77255  2.28382  0.10747
     88   2.14462  5.83586  2.48815  2.56722  3.17225  2.66817  3.23894  3.60706  2.47916  2.96458  3.63411  3.57862  2.80355  2.96166  2.72293  2.49938  3.32369  3.55418  4.05391  4.53862   8141 a - - -
          2.68618  4.42225  2.77519  2.73123  3.46354  2.40513  3.72494  3.29354  2.67741  2.69355  4.24690  2.90347  2.73739  3.18146  2.89801  2.37887  2.77519  2.98518  4.58477  3.61503
          0.01504  5.92908  4.40057  0.61958  0.77255  2.23707  0.11291
     89   2.01504  5.87197  2.20364  1.55762  4.67910  3.05365  4.17788  4.23259  2.63929  3.61204  4.43079  3.43692  3.16460  3.14483  3.03351  2.76763  2.99821  3.41872  6.30527  3.40179   8142 e - - -
          2.68618  4.42225  2.77519  2.73123  3.46354  2.40513  3.72494  3.29354  2.67741  2.69355  4.24690  2.90347  2.73739  3.18146  2.89801  2.37887  2.77519  2.98518  4.58477  3.61503
          0.01924  5.92366  4.11151  0.61958  0.77255  2.06915  0.13501
     90   2.23470  5.88078  2.04018  1.18057  5.22641  3.70231  4.32938  4.61067  2.84623  3.65131  4.36928  3.28996  3.68056  2.46560  3.36828  3.09572  3.11031  3.80378  6.31313  4.90184   8143 e - - -
          2.68618  4.42225  2.77520  2.73123  3.46347  2.40513  3.72495  3.29354  2.67741  2.69355  4.24690  2.90347  2.73740  3.18146  2.89801  2.37887  2.77520  2.98518  4.58477  3.61503
          0.00594  5.37443  6.65404  0.56358  0.84203  1.80270  0.18015
     91   2.86622  4.25144  5.33502  3.82602  3.92522  3.43917  4.99072  1.14648  3.93943  2.25250  3.85508  4.61900  5.02987  4.45748  3.54338  3.28787  3.48305  1.43803  5.52834  4.28648   8145 i - - -
          2.68618  4.42225  2.77519  2.73123  3.46354  2.40513  3.72494  3.29354  2.67741  2.69355  4.24690  2.90347  2.73739  3.18146  2.89801  2.37887  2.77519  2.98518  4.58477  3.61503
          0.01911  5.98513  4.10991  0.61958  0.77255  2.02354  0.14178
     92   2.63463  5.91533  3.38807  2.64648  4.80956  3.99452  3.94236  4.21083  1.13473  3.64939  4.67584  3.49818  4.29468  2.97301  1.82992  2.81978  2.87180  3.78811  6.34830  4.93766   8146 k - - -
          2.68618  4.42225  2.77519  2.73123  3.46354  2.40513  3.72494  3.29354  2.67741  2.69355  4.24690  2.90347  2.73739  3.18146  2.89801  2.37887  2.77519  2.98518  4.58477  3.61503
          0.02954  5.98865  3.62682  0.61958  0.77255  1.85430  0.17027
     93   1.73878  5.90657  3.10092  2.65947  5.24404  3.91703  4.37854  3.43834  2.27701  3.09571  4.72593  3.44856  4.58399  2.82525  1.90610  2.44491  2.74638  2.65592  6.34383  4.93750   8147 a - - -
          2.68618  4.42225  2.77519  2.73123  3.46354  2.40513  3.72494  3.29354  2.67741  2.69355  4.24690  2.90347  2.73739  3.18146  2.89801  2.37887  2.77519  2.98518  4.58477  3.61503
          0.00967  5.99970  4.94117  0.61958  0.77255  1.56901  0.23351
     94   1.05541  5.75069  3.28255  2.93817  5.29900  3.84697  3.18906  4.19979  2.54820  3.52625  4.41561  3.44537  4.11175  2.71859  2.40827  2.91316  2.91314  3.36214  6.39277  4.98415   8148 a - - -
          2.68537  4.42285  2.77563  2.73150  3.46361  2.40545  3.72529  3.29301  2.67758  2.69317  4.24721  2.90398  2.73782  3.18170  2.89747  2.37931  2.77556  2.98392  4.58537  3.61316
          0.32786  1.27867  6.78623  0.60768  0.78661  2.03983  0.13932
     95   3.24037  4.96647  5.15589  4.13619  1.93643  3.87527  3.47106  3.20937  4.61723  2.49810  3.88057  4.84873  5.09244  4.46692  4.12185  3.69596  3.65292  2.84596  3.45372  0.91425   8153 y - - -
          2.68618  4.42225  2.77519  2.73123  3.46354  2.40513  3.72494  3.29354  2.67741  2.69355  4.24690  2.90347  2.73739  3.18146  2.89801  2.37887  2.77519  2.98518  4.58477  3.61503
          0.05087  6.06498  3.05183  0.61958  0.77255  1.92124  0.15832
     96   2.59965  5.87618  3.51815  2.32627  3.54726  2.66232  3.56813  3.77945  2.11027  2.56723  4.23736  3.47848  4.14111  3.18741  1.60701  3.18380  3.42301  3.34974  5.33207  3.47198   8154 r - - -
          2.68618  4.42225  2.77519  2.73123  3.46354  2.40513  3.72494  3.29354  2.67741  2.69355  4.24690  2.90347  2.73739  3.18146  2.89801  2.37887  2.77519  2.98518  4.58477  3.61503
          0.03035  6.02069  3.59466  0.61958  0.77255  2.04322  0.13882
     97   2.47943  5.92377  3.00299  1.87351  4.09009  3.83365  4.11883  3.59994  2.27865  2.56101  4.92820  2.95370  4.03583  2.74950  1.85354  2.82629  2.93245  3.60642  5.46002  4.94682   8155 r - - -
          2.68618  4.42225  2.77519  2.73123  3.46354  2.40513  3.72494  3.29354  2.67741  2.69355  4.24690  2.90347  2.73739  3.18146  2.89801  2.37887  2.77519  2.98518  4.58477  3.61503
          0.00759  6.00355  5.28118  0.61958  0.77255  2.15960  0.12259
     98   2.29563  5.54435  3.33801  3.11217  4.21598  3.95703  4.47460  3.56506  2.75407  1.00324  3.49260  3.71600  3.80795  2.93087  2.78125  3.30618  3.30866  3.50792  5.87717  4.32629   8156 l - - -
          2.68618  4.42225  2.77519  2.73123  3.46354  2.40513  3.72494  3.29354  2.67741  2.69355  4.24690  2.90347  2.73739  3.18146  2.89801  2.37887  2.77519  2.98518  4.58477  3.61503
          0.06914  6.00129  2.74372  0.61958  0.77255  2.07616  0.13400
     99   1.25391  4.84495  4.16051  3.39789  4.22965  2.78771  4.55058  3.25105  3.44119  2.81305  2.74911  4.10052  3.82369  3.37971  2.84601  2.76341  3.19643  2.05630  5.78000  4.53653   8157 a - - -
          2.68618  4.42225  2.77519  2.73123  3.46354  2.40513  3.72494  3.29354  2.67741  2.69355  4.24690  2.90347  2.73739  3.18146  2.89801  2.37887  2.77519  2.98518  4.58477  3.61503
          0.02189  5.94567  3.96123  0.61958  0.77255  1.22605  0.34736
    100   2.15982  5.22248  3.17940  2.52885  5.30956  3.02742  3.78497  4.41924  1.54362  3.33624  3.94708  3.70466  3.81209  3.42051  1.87313  2.89858  2.61198  3.52194  6.40089  4.76377   8158 k - - -
          2.68098  4.41290  2.77615  2.73294  3.46471  2.40512  3.72600  3.29485  2.67954  2.69461  4.24680  2.90518  2.73774  3.18205  2.89633  2.37926  2.77336  2.98489  4.58218  3.61655
          0.35074  1.28593  3.94033  2.33440  0.10189  1.62836  0.21847
    101   2.40209  4.75702  3.28765  2.04795  4.43124  3.28621  4.39657  3.52378  2.26799  2.21494  4.59022  3.40664  4.36968  2.48796  2.48465  2.87828  2.56177  3.33253  4.30293  3.65995   8206 e - - -
          2.68618  4.42225  2.77519  2.73123  3.46354  2.40513  3.72494  3.29354  2.67741  2.69355  4.24690  2.90347  2.73739  3.18146  2.89801  2.37887  2.77519  2.98518  4.58477  3.61503
          0.09434  6.09142  2.43315  0.61958  0.77255  1.76948  0.18684
    102   3.06961  2.46158  4.24980  3.97853  1.90599  4.20108  2.39959  3.15484  4.35302  2.29572  3.49185  3.48226  4.88866  4.02215  4.27678  3.57790  3.04257  2.79870  3.90314  1.78714   8207 y - - -
          2.68618  4.42225  2.77519  2.73123  3.46354  2.40513  3.72494  3.29354  2.67741  2.69355  4.24690  2.90347  2.73739  3.18146  2.89801  2.37887  2.77519  2.98518  4.58477  3.61503
          0.01399  6.02470  4.46750  0.61958  0.77255  1.90592  0.16097
    103   2.82821  5.92673  3.42889  2.87783  4.82728  3.72992  0.88693  4.74225  2.79303  3.58736  4.96979  3.63624  3.01665  3.33941  3.03756  2.83284  2.91337  4.07911  6.36490  4.55302   8208 h - - -
          2.68618  4.42225  2.77519  2.73123  3.46354  2.40513  3.72494  3.29354  2.67741  2.69355  4.24690  2.90347  2.73739  3.18146  2.89801  2.37887  2.77519  2.98518  4.58477  3.61503
          0.10961  6.03524  2.28845  0.61958  0.77255  2.07247  0.13453
    104   2.93508  5.96220  3.02741  2.96295  5.29668  2.53171  4.42686  4.77779  2.95404  4.26512  5.01409  3.31482  0.74853  3.53173  3.31898  3.28099  3.49426  4.26716  6.40476  4.82985   8209 p - - -
          2.68618  4.42225  2.77519  2.73123  3.46354  2.40513  3.72494  3.29354  2.67741  2.69355  4.24690  2.90347  2.73739  3.18146  2.89801  2.37887  2.77519  2.98518  4.58477  3.61503
          0.04042  5.93435  3.29770  0.61958  0.77255  2.02826  0.14106
    105   2.70069  4.37312  0.92382  2.65856  5.16991  3.04031  4.33237  4.35693  2.66898  2.72033  4.88408  3.29154  4.53684  3.36066  3.24826  3.19487  3.23239  4.00738  6.28110  4.70695   8210 d - - -
          2.68618  4.42225  2.77519  2.73123  3.46354  2.40513  3.72494  3.29354  2.67741  2.69355  4.24690  2.90347  2.73739  3.18146  2.89801  2.37887  2.77519  2.98518  4.58477  3.61503
          0.07412  5.92139  2.67722  0.61958  0.77255  0.96580  0.47913
    106   2.23726  5.60412  3.33415  2.61479  4.62237  3.54746  3.73746  3.41335  2.62989  2.79272  4.72325  3.10510  3.27618  3.42316  1.72922  2.23295  2.64022  3.01476  4.65278  4.31510   8211 r - - -
          2.68272  4.42563  2.77482  2.73351  3.46130  2.40293  3.72326  3.29392  2.67853  2.69342  4.24884  2.90134  2.73770  3.18231  2.89862  2.38118  2.77687  2.98550  4.58741  3.61258
          2.34021  0.14283  3.30246  1.49428  0.25413  1.35290  0.29907
    107   2.11751  5.38320  2.21517  2.03212  5.32222  2.93116  3.42119  4.01300  2.78621  3.70403  4.21832  3.04913  2.41446  2.87475  3.03905  2.36650  2.93313  3.72636  6.43048  4.50483   8229 e - - -
          2.68623  4.42288  2.77429  2.73142  3.46413  2.40571  3.72540  3.29230  2.67808  2.69076  4.24633  2.90400  2.73748  3.18191  2.89864  2.37930  2.77546  2.98493  4.58547  3.61530
          2.05983  0.49101  1.34508  0.01697  4.08459  1.37349  0.29199
    108   2.30020  5.83914  2.33924  2.41549  4.63710  2.57627  3.95301  4.50735  2.87688  3.23018  3.85286  3.12806  2.40248  2.82281  2.62018  2.71786  2.87382  2.66291  4.75216  4.53983   8231 a - - -
          2.68527  4.42262  2.77472  2.73029  3.46409  2.40549  3.72367  3.29397  2.67791  2.69413  4.24752  2.90374  2.73778  3.18128  2.89842  2.37829  2.77494  2.98556  4.58542  3.61568
          1.20311  0.42941  3.01906  0.01988  3.92785  1.64935  0.21341
    109   2.53265  4.48756  2.35399  2.51294  2.61633  2.95542  4.12187  3.40031  2.71178  1.88996  3.66068  3.28523  3.47544  3.53888  3.43387  2.94205  3.08641  2.92363  6.03470  3.46975   8233 l - - -
          2.68618  4.42225  2.77519  2.73123  3.46354  2.40513  3.72494  3.29354  2.67741  2.69355  4.24690  2.90347  2.73739  3.18146  2.89801  2.37887  2.77519  2.98518  4.58477  3.61503
          0.08770  5.91770  2.50995  0.61958  0.77255  1.91957  0.15861
    110   2.40219  5.45413  2.94028  2.35134  4.44563  2.67118  4.07171  4.06830  2.27448  3.25227  4.13125  3.12153  3.30485  2.27465  2.22552  2.71179  2.46402  3.73526  6.27470  4.16326   8234 r - - -
          2.68618  4.42225  2.77519  2.73123  3.46354  2.40513  3.72494  3.29354  2.67741  2.69355  4.24690  2.90347  2.73739  3.18146  2.89801  2.37887  2.77519  2.98518  4.58477  3.61503
          0.05123  5.87283  3.05490  0.61958  0.77255  1.84731  0.17157
    111   2.12423  5.84779  2.63403  2.43922  4.46487  2.89977  2.73566  4.24912  2.20218  3.53996  4.52170  2.99324  3.14363  3.02342  2.64437  2.96033  2.41754  3.02903  6.28042  3.99852   8235 a - - -
          2.68618  4.42225  2.77519  2.73123  3.46354  2.40513  3.72494  3.29354  2.67741  2.69355  4.24690  2.90347  2.73739  3.18146  2.89801  2.37887  2.77519  2.98518  4.58477  3.61503
          0.03812  5.88149  3.36369  0.61958  0.77255  1.72360  0.19653
    112   2.42649  5.37821  2.78336  2.47698  4.99949  2.98575  4.26315  3.59065  2.53104  2.12854  4.12665  3.00401  3.25316  2.36705  2.14313  3.05376  3.25927  3.36307  5.37314  3.75346   8236 l - - -
          2.68618  4.42225  2.77519  2.73123  3.46354  2.40513  3.72494  3.29354  2.67741  2.69355  4.24690  2.90347  2.73739  3.18146  2.89801  2.37887  2.77519  2.98518  4.58477  3.61503
          0.08951  5.91615  2.48977  0.61958  0.77255  0.93131  0.50093
    113   1.57212  4.91499  3.14851  3.21425  3.88947  3.80645  3.58215  2.76222  2.91093  2.50479  3.75465  3.29245  4.27580  3.79735  3.38947  2.56596  2.77534  1.98086  5.99905  3.81875   8237 a - - -
          2.68639  4.42255  2.77540  2.73084  3.46364  2.40543  3.72488  3.29348  2.67719  2.69300  4.24720  2.90328  2.73770  3.18067  2.89818  2.37910  2.77548  2.98540  4.58507  3.61411
          0.02261  4.01659  5.43975  2.27190  0.10883  1.16374  0.37442
    114   2.24396  5.87058  2.42855  1.68196  4.90544  2.97630  4.29840  3.71457  2.74199  2.99971  4.79563  3.11969  3.86447  2.43178  3.18390  2.85378  2.32429  3.21209  6.46847  5.05744   8255 e - - -
          2.68618  4.42225  2.77519  2.73123  3.46354  2.40513  3.72494  3.29354  2.67741  2.69355  4.24690  2.90347  2.73739  3.18146  2.89801  2.37887  2.77519  2.98518  4.58477  3.61503
          0.07549  6.16515  2.65061  0.61958  0.77255  1.23829  0.34232
    115   2.33934  5.06940  2.80566  1.79348  4.77746  2.60988  4.34953  4.37372  2.46675  3.37137  4.72477  3.13565  3.40900  2.39405  2.30606  2.51426  3.11207  3.45060  6.46156  4.73954   8256 e - - -
          2.68618  4.42225  2.77519  2.73123  3.46354  2.40513  3.72494  3.29354  2.67741  2.69355  4.24690  2.90347  2.73739  3.18146  2.89801  2.37887  2.77519  2.98518  4.58477  3.61503
          0.00316  6.15336  6.87571  0.61958  0.77255  1.49713  0.25331
    116   2.61862  6.00360  3.23913  2.66442  3.57787  4.11481  3.21043  2.55750  2.19742  2.59101  4.30855  3.10204  4.59349  2.84633  2.05069  2.54575  2.97532  2.64407  6.44849  4.57347   8257 r - - -
          2.68618  4.42225  2.77519  2.73123  3.46354  2.40513  3.72494  3.29354  2.67741  2.69355  4.24690  2.90347  2.73739  3.18146  2.89801  2.37887  2.77519  2.98518  4.58477  3.61503
          0.00803  6.18501  5.12667  0.61958  0.77255  1.79930  0.18082
    117   2.90731  4.50524  5.39959  4.43308  1.56744  4.39801  5.11919  3.44540  4.62867  2.30486  2.88453  4.64896  4.87304  3.87215  2.37489  2.85387  3.28191  3.16693  1.54883  4.35146   8258 w - - -
          2.68618  4.42225  2.77519  2.73123  3.46354  2.40513  3.72494  3.29354  2.67741  2.69355  4.24690  2.90347  2.73739  3.18146  2.89801  2.37887  2.77519  2.98518  4.58477  3.61503
          0.02755  6.18054  3.68471  0.61958  0.77255  1.81735  0.17728
    118   2.21230  4.65656  2.99160  2.54263  5.37699  3.42580  4.20171  4.27104  1.85432  3.57113  4.57364  3.31070  4.20358  2.33566  1.98957  2.65544  2.33287  3.47622  6.46331  5.05188   8259 k - - -
          2.68618  4.42225  2.77519  2.73123  3.46354  2.40513  3.72494  3.29354  2.67741  2.69355  4.24690  2.90347  2.73739  3.18146  2.89801  2.37887  2.77519  2.98518  4.58477  3.61503
          0.01077  6.15614  4.75720  0.61958  0.77255  1.58712  0.22880
    119   2.49899  5.85559  3.40640  2.43292  3.13474  3.59758  3.71026  3.26224  2.47935  2.53974  3.86980  3.71091  4.67479  2.85241  1.85751  2.98792  2.94199  2.75996  4.81079  2.90645   8260 r - - -
          2.68618  4.42225  2.77519  2.73123  3.46354  2.40513  3.72494  3.29354  2.67741  2.69355  4.24690  2.90347  2.73739  3.18146  2.89801  2.37887  2.77519  2.98518  4.58477  3.61503
          0.01853  6.16821  4.11896  0.61958  0.77255  1.79826  0.18103
    120   2.58133  4.47186  3.80801  3.87886  4.15633  4.01928  4.53198  1.61727  4.36976  1.52541  2.81965  3.92833  4.22694  3.49536  4.42641  3.28460  3.28858  1.80154  4.81715  4.34831   8261 l - - -
          2.68618  4.42225  2.77519  2.73123  3.46354  2.40513  3.72494  3.29354  2.67741  2.69355  4.24690  2.90347  2.73739  3.18146  2.89801  2.37887  2.77519  2.98518  4.58477  3.61503
          0.03104  6.14344  3.56079  0.61958  0.77255  1.73365  0.19436
    121   2.56267  6.00873  2.52120  2.92011  5.35390  2.46713  4.24269  3.28256  2.93878  3.29502  5.04936  1.84409  4.00735  2.72755  2.47244  2.39146  2.31080  3.84280  6.44135  4.77134   8262 n - - -
          2.68618  4.42225  2.77519  2.73123  3.46354  2.40513  3.72494  3.29354  2.67741  2.69355  4.24690  2.90347  2.73739  3.18146  2.89801  2.37887  2.77519  2.98518  4.58477  3.61503
          0.01317  6.12333  4.52010  0.61958  0.77255  1.40805  0.28054
    122   2.24353  4.77840  2.87526  1.50917  3.85544  3.68508  3.84667  4.19045  2.69925  2.85663  4.02768  3.14236  3.95128  2.64725  2.80524  2.69040  2.89993  3.15941  5.64003  3.90732   8263 e - - -
          2.68626  4.42343  2.77552  2.73151  3.46460  2.40382  3.72347  3.29278  2.67805  2.69344  4.24701  2.90373  2.73747  3.18221  2.89818  2.37910  2.77451  2.98569  4.58317  3.61512
          0.43405  1.37194  2.31763  1.46881  0.26162  1.56643  0.23419
    123   0.77554  5.06767  3.42318  2.72099  4.70737  3.05387  3.76916  3.20036  3.42596  3.36821  4.42018  3.93557  4.34239  3.76490  3.82316  2.84549  3.08104  3.42835  5.20821  4.11603   8269 a - - -
          2.68618  4.42225  2.77519  2.73123  3.46354  2.40513  3.72494  3.29354  2.67741  2.69355  4.24690  2.90347  2.73739  3.18146  2.89801  2.37887  2.77519  2.98518  4.58477  3.61503
          0.06967  6.04319  2.73449  0.61958  0.77255  1.91758  0.15895
    124   2.19726  5.16402  3.03600  2.85643  2.98373  3.66839  2.91814  4.04151  3.02988  3.20945  3.46695  3.54995  3.61684  3.34807  2.94783  3.09874  3.52941  3.35912  3.99984  1.42994   8270 y - - -
          2.68618  4.42225  2.77519  2.73123  3.46354  2.40513  3.72494  3.29354  2.67741  2.69355  4.24690  2.90347  2.73739  3.18146  2.89801  2.37887  2.77519  2.98518  4.58477  3.61503
          0.01546  5.98324  4.35676  0.61958  0.77255  1.83777  0.17337
    125   2.63246  5.92303  2.33050  1.52096  5.22662  3.68308  3.61387  4.50722  2.73228  3.59377  4.19542  2.48961  4.52295  2.41026  2.28332  2.98817  2.87351  3.90253  4.31762  4.87805   8271 e - - -
          2.68618  4.42225  2.77519  2.73123  3.46354  2.40513  3.72494  3.29354  2.67741  2.69355  4.24690  2.90347  2.73739  3.18146  2.89801  2.37887  2.77519  2.98518  4.58477  3.61503
          0.06108  5.99511  2.86890  0.61958  0.77255  1.99052  0.14690
    126   2.11286  5.06451  3.60299  3.03426  2.91205  4.09888  4.24733  2.37061  3.10390  2.14970  3.49463  3.57469  4.42629  3.80861  3.34286  3.19239  2.24959  1.96717  5.13117  3.29066   8272 v - - -
          2.68618  4.42225  2.77519  2.73123  3.46354  2.40513  3.72494  3.29354  2.67741  2.69355  4.24690  2.90347  2.73739  3.18146  2.89801  2.37887  2.77519  2.98518  4.58477  3.61503
          0.00660  5.94425  5.53321  0.61958  0.77255  1.58898  0.22832
    127   3.15689  4.40412  5.48505  4.59447  3.49704  4.33294  4.69862  2.57500  4.20747  0.54592  3.59462  4.68391  4.87858  4.22441  4.50518  3.96946  3.69944  2.62955  5.13837  4.10558   8273 L - - -
          2.68508  4.42231  2.77534  2.73097  3.46402  2.40556  3.72530  3.29333  2.67654  2.69373  4.24579  2.90368  2.73772  3.18178  2.89765  2.37920  2.77536  2.98531  4.58530  3.61540
          0.68437  0.73622  4.09390  0.02419  3.73409  2.05882  0.13651
    128   2.23823  5.27367  2.97543  2.64483  5.25611  2.41546  3.79730  4.54020  2.27865  3.19246  4.05763  2.76142  4.10626  3.00043  2.69509  2.17906  2.06509  3.86305  6.34335  4.01364   8275 t - - -
          2.68618  4.42225  2.77519  2.73123  3.46354  2.40513  3.72494  3.29354  2.67741  2.69355  4.24690  2.90347  2.73739  3.18146  2.89801  2.37887  2.77519  2.98518  4.58477  3.61503
          0.02523  5.96512  3.80120  0.61958  0.77255  1.50137  0.25209
    129   2.46569  5.54155  1.60863  2.52563  3.31183  3.07712  3.42405  4.08049  2.76120  3.65743  4.28471  3.09359  4.10418  3.06325  3.42889  2.40537  2.82339  3.23163  3.23316  3.62746   8276 d - - -
          2.68396  4.42148  2.77587  2.73073  3.46313  2.40507  3.72573  3.29281  2.67723  2.69310  4.24676  2.90408  2.73862  3.18206  2.89675  2.38003  2.77581  2.98572  4.58377  3.61461
          0.71973  0.71695  3.69381  1.68705  0.20465  1.73863  0.19329
    130   2.30073  5.81560  1.96626  2.36502  4.36527  3.60963  3.45883  3.89962  2.69326  2.94027  4.77624  3.31005  2.06969  2.77011  2.87407  2.60089  2.98141  3.88322  5.51984  4.50126   8292 d - - -
          2.68130  4.42439  2.77560  2.72790  3.46669  2.40770  3.72593  3.29571  2.67823  2.69366  4.24834  2.90550  2.73991  3.18133  2.88493  2.38080  2.77700  2.98696  4.58402  3.61738
          2.00600  0.22042  2.76001  1.43295  0.27260  2.01133  0.14365
    131   2.57847  5.57179  3.26447  2.82399  3.58703  3.30258  3.33145  3.83602  2.79416  3.25103  4.60154  3.41718  3.47523  3.21054  2.85224  3.03638  3.05820  3.46951  5.47399  1.20772   8298 y - - -
          2.68618  4.42225  2.77519  2.73123  3.46354  2.40513  3.72494  3.29354  2.67741  2.69355  4.24690  2.90347  2.73739  3.18146  2.89801  2.37887  2.77519  2.98518  4.58477  3.61503
          0.07008  5.75256  2.74096  0.61958  0.77255  2.07541  0.13411
    132   1.96651  5.72264  1.54697  2.69774  5.06410  3.16279  3.89555  3.97776  2.50438  2.59893  4.68766  3.05782  3.73958  2.94737  3.04933  2.63632  3.31165  3.37913  6.15750  4.74873   8299 d - - -
          2.68618  4.42225  2.77519  2.73123  3.46354  2.40513  3.72494  3.29354  2.67741  2.69355  4.24690  2.90347  2.73739  3.18146  2.89801  2.37887  2.77519  2.98518  4.58477  3.61503
          0.05982  5.68113  2.90676  0.61958  0.77255  2.03895  0.13945
    133   2.13646  4.61644  3.08837  2.49338  4.18007  2.80589  4.08435  4.47802  2.43539  3.18011  4.71817  3.21122  4.17626  2.43657  1.60089  2.73109  2.81884  3.92826  5.88724  4.63552   8300 r - - -
          2.68618  4.42225  2.77519  2.73123  3.46354  2.40513  3.72494  3.29354  2.67741  2.69355  4.24690  2.90347  2.73739  3.18146  2.89801  2.37887  2.77519  2.98518  4.58477  3.61503
          0.02020  5.63453  4.10897  0.61958  0.77255  2.19146  0.11851
    134   2.46026  5.63415  2.68333  2.01034  4.33866  2.58945  3.29542  3.83945  2.88916  3.22167  3.36326  2.88386  3.92013  3.15706  2.85456  2.13941  2.83595  3.27315  4.05694  3.71056   8301 e - - -
          2.68618  4.42225  2.77519  2.73123  3.46354  2.40513  3.72494  3.29354  2.67741  2.69355  4.24690  2.90347  2.73739  3.18146  2.89801  2.37887  2.77519  2.98518  4.58477  3.61503
          0.00552  5.59773  6.32008  0.61958  0.77255  0.30227  1.34378
    135   2.58300  5.50597  3.13162  2.70315  3.72119  2.99483  3.58826  3.41761  2.67248  1.80554  4.32623  2.91863  3.08080  3.00969  2.45283  2.84836  2.58845  3.40339  6.07065  3.71129   8302 l - - -
          2.51828  4.36984  2.81454  2.74248  3.49930  2.42384  3.70730  3.33717  2.75863  2.66362  4.26117  2.98577  2.70819  3.19929  2.83166  2.41869  2.79162  2.94064  4.54854  3.66099
          2.76218  0.06524        *  6.13918  0.00216  0.00000        *
//
