HMMER3/f [3.1b2 | February 2015]
NAME  infa
LENG  87
ALPH  amino
RF    no
MM    no
CONS  yes
CS    no
MAP   yes
DATE  Fri Aug  3 19:32:02 2018
NSEQ  4673
EFFN  2.214890
CKSUM 3559427784
STATS LOCAL MSV       -9.4109  0.71846
STATS LOCAL VITERBI   -9.6321  0.71846
STATS LOCAL FORWARD   -4.4778  0.71846
HMM          A        C        D        E        F        G        H        I        K        L        M        N        P        Q        R        S        T        V        W        Y   
            m->m     m->i     m->d     i->m     i->i     d->m     d->d
  COMPO   2.58993  4.58621  2.93186  2.59894  3.56226  2.76313  3.67530  2.79880  2.55939  2.58233  3.57859  3.07004  3.34351  3.14206  2.66846  2.66455  2.87061  2.57725  5.10604  3.65147
          2.68530  4.41644  2.77611  2.73218  3.46299  2.40473  3.72524  3.29387  2.67870  2.69364  4.24404  2.90426  2.73776  3.18204  2.89625  2.37904  2.77616  2.98390  4.58331  3.61498
          0.84537  1.03040  1.54302  3.17937  0.04250  0.00000        *
      1   2.48409  4.05555  3.05842  2.48077  3.76894  3.01736  3.16442  3.21133  2.47092  2.82538  3.54899  2.96417  3.23517  2.65749  2.76887  2.63462  2.78409  2.86133  5.15560  3.85219     89 k - - -
          2.68634  4.42207  2.77529  2.73142  3.46362  2.40477  3.72489  3.29367  2.67733  2.69377  4.24700  2.90359  2.73718  3.18166  2.89774  2.37870  2.77522  2.98533  4.58493  3.61526
          0.60662  0.81595  4.37475  1.36015  0.29655  0.72504  0.66224
      2   2.49510  4.36654  3.01221  2.43106  3.81927  3.01087  3.36523  3.23824  2.42536  2.78282  3.69644  2.95760  3.49670  2.75661  2.79988  2.36353  2.79325  2.82720  5.19162  3.86458    111 s - - -
          2.68618  4.42225  2.77519  2.73123  3.46354  2.40513  3.72494  3.29354  2.67741  2.69355  4.24690  2.90347  2.73739  3.18146  2.89801  2.37887  2.77519  2.98518  4.58477  3.61503
          0.04826  4.03539  3.52554  0.61958  0.77255  0.72722  0.66019
      3   2.34664  4.18269  3.03804  2.34300  3.71440  3.39951  3.58852  3.20258  2.41648  2.74190  3.67738  2.92899  3.77803  2.72967  2.74007  2.50280  2.64675  2.94405  5.16837  3.77886    112 e - - -
          2.68618  4.42225  2.77519  2.73123  3.46354  2.40513  3.72494  3.29354  2.67741  2.69355  4.24690  2.90347  2.73739  3.18146  2.89801  2.37887  2.77519  2.98518  4.58477  3.61503
          0.04150  4.01955  3.78585  0.61958  0.77255  0.73970  0.64867
      4   2.49638  4.61645  3.00558  2.30605  3.74489  3.08009  3.44507  3.28724  2.41952  2.84160  3.66282  2.86526  3.53290  2.69626  2.75184  2.55022  2.63078  3.01060  5.22416  3.70637    113 e - - -
          2.68618  4.42225  2.77519  2.73123  3.46354  2.40513  3.72494  3.29354  2.67741  2.69355  4.24690  2.90347  2.73739  3.18146  2.89801  2.37887  2.77519  2.98518  4.58477  3.61503
          0.03045  4.01826  4.42229  0.61958  0.77255  0.74841  0.64078
      5   2.54348  4.47262  2.81752  2.32366  3.86577  3.03309  3.59616  3.32124  2.33204  2.89486  3.80248  2.89547  3.68546  2.74527  2.62280  2.42616  2.74551  3.08063  5.16437  3.74971    114 e - - -
          2.68618  4.42225  2.77519  2.73123  3.46354  2.40513  3.72494  3.29354  2.67741  2.69355  4.24690  2.90347  2.73739  3.18146  2.89801  2.37887  2.77519  2.98518  4.58477  3.61503
          0.04260  4.02098  3.73916  0.61958  0.77255  0.74854  0.64066
      6   2.49676  4.72325  2.93983  2.32057  3.85380  3.39423  3.39241  3.32054  2.36811  2.97116  3.69228  2.85521  3.39174  2.60892  2.65649  2.53050  2.67412  2.92127  5.26653  3.87702    115 e - - -
          2.68618  4.42225  2.77519  2.73123  3.46354  2.40513  3.72494  3.29354  2.67741  2.69355  4.24690  2.90347  2.73739  3.18146  2.89801  2.37887  2.77519  2.98518  4.58477  3.61503
          0.02721  4.01351  4.73586  0.61958  0.77255  0.71134  0.67528
      7   2.53448  4.76009  2.84123  2.26623  3.89883  2.99393  3.36178  3.39539  2.34032  3.07899  3.84594  2.83958  3.55964  2.57074  2.53018  2.57562  2.78523  3.16365  5.29140  3.92718    116 e - - -
          2.68618  4.42225  2.77519  2.73123  3.46354  2.40513  3.72494  3.29354  2.67741  2.69355  4.24690  2.90347  2.73739  3.18146  2.89801  2.37887  2.77519  2.98518  4.58477  3.61503
          0.02927  4.05186  4.46937  0.61958  0.77255  0.73017  0.65744
      8   2.56811  4.79585  2.90198  2.33776  3.73808  3.27870  3.59751  3.29812  2.25040  2.97279  3.85795  2.74103  3.71681  2.57760  2.63842  2.47840  2.66861  3.09909  5.22698  3.90126    117 k - - -
          2.68618  4.42225  2.77519  2.73123  3.46354  2.40513  3.72494  3.29354  2.67741  2.69355  4.24690  2.90347  2.73739  3.18146  2.89801  2.37887  2.77519  2.98518  4.58477  3.61503
          0.04335  4.05599  3.68476  0.61958  0.77255  0.73160  0.65612
      9   2.33302  4.73872  2.94556  2.29625  3.96044  3.20985  3.61895  3.36358  2.34786  2.93185  3.61892  2.93812  3.41896  2.67789  2.80220  2.61189  2.63911  2.91671  4.56039  3.91049    118 e - - -
          2.68618  4.42225  2.77519  2.73123  3.46354  2.40513  3.72494  3.29354  2.67741  2.69355  4.24690  2.90347  2.73739  3.18146  2.89801  2.37887  2.77519  2.98518  4.58477  3.61503
          0.02891  4.05985  4.48823  0.61958  0.77255  0.69950  0.68684
     10   2.45847  4.43496  3.00229  2.02081  3.92969  3.20134  3.62762  3.29141  2.39385  2.86788  3.63313  2.83336  3.73334  2.79045  2.86573  2.60115  2.75847  2.85740  5.21382  3.90258    119 e - - -
          2.68618  4.42225  2.77519  2.73123  3.46354  2.40513  3.72494  3.29354  2.67741  2.69355  4.24690  2.90347  2.73739  3.18146  2.89801  2.37887  2.77519  2.98518  4.58477  3.61503
          0.02490  4.10110  4.82345  0.61958  0.77255  0.72185  0.66525
     11   2.52012  4.76435  2.36316  2.28321  4.09818  3.09692  3.60237  3.37124  2.32398  3.05947  3.63464  2.83373  3.40403  2.69978  2.81878  2.57462  2.79550  3.22624  5.38096  3.91965    120 e - - -
          2.68618  4.42225  2.77519  2.73123  3.46354  2.40513  3.72494  3.29354  2.67741  2.69355  4.24690  2.90347  2.73739  3.18146  2.89801  2.37887  2.77519  2.98518  4.58477  3.61503
          0.02435  4.12340  4.84575  0.61958  0.77255  0.61719  0.77535
     12   2.59490  4.11756  3.11339  2.55777  3.62719  3.51660  3.68857  3.01836  2.58060  2.58033  2.24378  3.04589  3.69416  2.98336  3.06001  2.64883  2.78457  2.71197  5.06332  3.71857    121 m - - -
          2.68618  4.42225  2.77519  2.73123  3.46354  2.40513  3.72494  3.29354  2.67741  2.69355  4.24690  2.90347  2.73739  3.18146  2.89801  2.37887  2.77519  2.98518  4.58477  3.61503
          0.02151  4.24600  4.96834  0.61958  0.77255  0.41168  1.08629
     13   2.11664  4.59461  3.30260  2.77627  3.75108  3.57489  3.89680  3.12854  2.72521  2.70086  1.80705  3.27008  3.54548  3.13987  3.23220  2.84288  2.83908  2.72375  5.15920  3.89936    122 m - - -
          2.68618  4.42225  2.77519  2.73123  3.46354  2.40513  3.72494  3.29354  2.67741  2.69355  4.24690  2.90347  2.73739  3.18146  2.89801  2.37887  2.77519  2.98518  4.58477  3.61503
          0.02222  4.62854  4.40585  0.61958  0.77255  0.50382  0.92689
     14   1.80348  5.09814  2.98275  2.46360  4.37639  3.43919  3.73707  3.82498  1.93896  3.36956  3.86815  3.00484  3.22462  2.84547  2.95798  2.44093  2.76224  3.41722  5.56896  4.03235    123 a - - -
          2.68618  4.42225  2.77519  2.73123  3.46354  2.40513  3.72494  3.29354  2.67741  2.69355  4.24690  2.90347  2.73739  3.18146  2.89801  2.37887  2.77519  2.98518  4.58477  3.61503
          0.01450  4.63665  5.35900  0.61958  0.77255  0.49540  0.93988
     15   2.87182  5.34855  3.08736  2.57907  4.72405  3.58622  3.84031  4.15029  0.96076  3.63641  4.43314  3.11296  3.89104  2.95517  2.67926  2.89426  3.14866  3.74340  5.75644  4.43420    124 k - - -
          2.68618  4.42225  2.77519  2.73123  3.46354  2.40513  3.72494  3.29354  2.67741  2.69355  4.24690  2.90347  2.73739  3.18146  2.89801  2.37887  2.77519  2.98518  4.58477  3.61503
          0.01439  4.64402  5.36637  0.61958  0.77255  0.50458  0.92574
     16   2.72227  4.85282  2.18801  1.48689  4.58131  3.48713  3.72587  4.04309  2.33576  3.54822  3.95291  2.97550  3.88016  2.66306  2.92231  2.67716  2.94983  3.59148  5.68753  4.28218    125 e - - -
          2.68618  4.42225  2.77519  2.73123  3.46354  2.40513  3.72494  3.29354  2.67741  2.69355  4.24690  2.90347  2.73739  3.18146  2.89801  2.37887  2.77519  2.98518  4.58477  3.61503
          0.01416  4.66014  5.38249  0.61958  0.77255  0.50458  0.92574
     17   2.90359  5.52194  1.85000  1.60467  4.84479  2.12791  3.87644  4.34558  2.55033  3.81212  4.58451  2.91541  3.97050  2.82416  3.22837  2.76653  3.14035  3.90363  5.95487  4.50647    126 e - - -
          2.68618  4.42225  2.77519  2.73123  3.46354  2.40513  3.72494  3.29354  2.67741  2.69355  4.24690  2.90347  2.73739  3.18146  2.89801  2.37887  2.77519  2.98518  4.58477  3.61503
          0.01416  4.66014  5.38249  0.61958  0.77255  0.48581  0.95503
     18   1.93510  4.16661  3.86401  3.17146  3.46143  3.38519  3.90223  2.51254  3.08696  2.19424  3.15672  3.34705  3.91311  3.48811  3.51266  2.89824  2.66390  1.97359  4.94819  3.70486    127 a - - -
          2.68618  4.42225  2.77519  2.73123  3.46354  2.40513  3.72494  3.29354  2.67741  2.69355  4.24690  2.90347  2.73739  3.18146  2.89801  2.37887  2.77519  2.98518  4.58477  3.61503
          0.01399  4.67217  5.39452  0.61958  0.77255  0.49024  0.94799
     19   3.18637  4.55712  5.08924  4.51041  3.21534  4.50085  4.86848  1.00296  4.24186  1.59552  3.26650  4.61290  4.79051  4.48676  4.17194  3.83333  3.46430  2.02920  5.29684  4.15437    128 i - - -
          2.68618  4.42225  2.77519  2.73123  3.46354  2.40513  3.72494  3.29354  2.67741  2.69355  4.24690  2.90347  2.73739  3.18146  2.89801  2.37887  2.77519  2.98518  4.58477  3.61503
          0.01394  4.67611  5.39846  0.61958  0.77255  0.49134  0.94626
     20   2.78657  5.21394  3.05884  1.25931  4.48106  3.56819  3.72627  3.95267  2.27289  3.44432  4.01825  3.04765  3.95757  2.68618  2.74741  2.72187  2.95103  3.43747  5.65534  4.27598    129 e - - -
          2.68618  4.42225  2.77519  2.73123  3.46354  2.40513  3.72494  3.29354  2.67741  2.69355  4.24690  2.90347  2.73739  3.18146  2.89801  2.37887  2.77519  2.98518  4.58477  3.61503
          0.01394  4.67611  5.39846  0.61958  0.77255  0.48229  0.96067
     21   2.65912  4.19757  4.70426  4.09117  2.22420  4.00058  4.32172  2.16933  3.89604  2.03089  2.39864  4.13198  4.35681  3.80750  3.94033  3.31045  2.92806  1.61487  4.84268  3.66945    130 v - - -
          2.68618  4.42225  2.77519  2.73123  3.46354  2.40513  3.72494  3.29354  2.67741  2.69355  4.24690  2.90347  2.73739  3.18146  2.89801  2.37887  2.77519  2.98518  4.58477  3.61503
          0.01380  4.68586  5.40821  0.61958  0.77255  0.48576  0.95510
     22   2.74517  5.25182  2.69748  1.42519  4.57487  3.49338  3.70616  3.87450  2.44283  3.53890  4.24806  2.95297  3.66994  2.60276  2.92247  2.32989  2.89229  3.47421  5.69183  4.28705    131 e - - -
          2.68618  4.42225  2.77519  2.73123  3.46354  2.40513  3.72494  3.29354  2.67741  2.69355  4.24690  2.90347  2.73739  3.18146  2.89801  2.37887  2.77519  2.98518  4.58477  3.61503
          0.01379  4.68639  5.40873  0.61958  0.77255  0.48576  0.95510
     23   2.10230  4.67815  4.14494  4.08543  5.22240  0.48374  5.15189  4.67768  4.30524  4.39515  5.21687  4.03116  4.25536  4.50411  4.50080  2.95655  3.31934  3.94010  6.51222  5.41725    132 G - - -
          2.68618  4.42225  2.77519  2.73123  3.46354  2.40513  3.72494  3.29354  2.67741  2.69355  4.24690  2.90347  2.73739  3.18146  2.89801  2.37887  2.77519  2.98518  4.58477  3.61503
          0.01379  4.68639  5.40873  0.61958  0.77255  0.48576  0.95510
     24   2.71751  4.65268  3.42122  2.73586  3.80092  3.67861  3.89509  2.55316  2.54467  2.79435  3.73918  3.31573  4.06532  3.09686  2.27069  2.82448  2.16786  2.15564  5.20928  3.87529    133 v - - -
          2.68618  4.42225  2.77519  2.73123  3.46354  2.40513  3.72494  3.29354  2.67741  2.69355  4.24690  2.90347  2.73739  3.18146  2.89801  2.37887  2.77519  2.98518  4.58477  3.61503
          0.01379  4.68665  5.40900  0.61958  0.77255  0.48576  0.95510
     25   3.58869  4.79976  5.63495  5.18333  4.15600  5.17055  5.95599  1.53444  5.11372  2.57412  3.85165  5.34494  5.41662  5.38329  5.28983  4.61465  3.85716  0.59087  6.28588  5.05708    134 V - - -
          2.68618  4.42225  2.77519  2.73123  3.46354  2.40513  3.72494  3.29354  2.67741  2.69355  4.24690  2.90347  2.73739  3.18146  2.89801  2.37887  2.77519  2.98518  4.58477  3.61503
          0.01376  4.68864  5.41098  0.61958  0.77255  0.48576  0.95510
     26   2.73199  4.69113  3.11570  2.64625  3.88462  3.65902  3.87981  2.70301  2.43616  2.60980  3.68888  3.23836  4.04428  3.04309  3.06053  2.38755  2.35267  2.05398  5.25592  3.97697    135 v - - -
          2.68618  4.42225  2.77519  2.73123  3.46354  2.40513  3.72494  3.29354  2.67741  2.69355  4.24690  2.90347  2.73739  3.18146  2.89801  2.37887  2.77519  2.98518  4.58477  3.61503
          0.01375  4.68930  5.41165  0.61958  0.77255  0.48576  0.95510
     27   2.78698  5.55815  2.48709  0.96539  4.87438  3.52345  3.87715  4.36866  2.50993  3.85005  4.62816  3.02834  4.07704  2.91091  3.24793  2.87088  3.24305  3.89642  5.99316  4.54949    136 e - - -
          2.68618  4.42225  2.77519  2.73123  3.46354  2.40513  3.72494  3.29354  2.67741  2.69355  4.24690  2.90347  2.73739  3.18146  2.89801  2.37887  2.77519  2.98518  4.58477  3.61503
          0.01375  4.68930  5.41165  0.61958  0.77255  0.48576  0.95510
     28   2.02499  4.11522  3.87034  3.16781  3.48364  3.79708  4.07259  2.63196  3.15718  1.99500  3.40042  3.53827  2.75560  3.49873  3.41621  2.89340  2.56387  2.15354  4.96171  3.74905    137 l - - -
          2.68618  4.42225  2.77519  2.73123  3.46354  2.40513  3.72494  3.29354  2.67741  2.69355  4.24690  2.90347  2.73739  3.18146  2.89801  2.37887  2.77519  2.98518  4.58477  3.61503
          0.01389  4.68964  5.38103  0.61958  0.77255  0.48576  0.95510
     29   2.90724  4.38501  4.34007  3.75175  3.26846  3.98213  4.10931  2.63997  3.55158  0.90280  3.16100  3.97059  4.36111  3.59991  3.61292  3.27015  3.14127  2.59042  4.93498  3.64678    138 l - - -
          2.68618  4.42225  2.77519  2.73123  3.46354  2.40513  3.72494  3.29354  2.67741  2.69355  4.24690  2.90347  2.73739  3.18146  2.89801  2.37887  2.77519  2.98518  4.58477  3.61503
          0.01375  4.68952  5.41186  0.61958  0.77255  0.48558  0.95539
     30   2.37884  4.89067  3.29080  2.80330  4.29272  3.36413  3.89409  3.69436  2.73596  3.19134  4.15010  3.20890  1.27149  3.12401  2.87406  2.71740  3.05761  3.36074  5.57147  4.27073    139 p - - -
          2.68618  4.42225  2.77519  2.73123  3.46354  2.40513  3.72494  3.29354  2.67740  2.69355  4.24690  2.90347  2.73739  3.18146  2.89801  2.37887  2.77519  2.98518  4.58477  3.61503
          0.01466  4.59613  5.41200  0.61158  0.78197  0.48576  0.95510
     31   2.94341  5.49362  2.17299  2.46223  4.82654  2.93004  3.92747  4.31460  2.76263  3.81286  4.55989  1.17134  3.79990  3.04294  3.25658  2.86251  3.13911  3.88952  5.96899  4.42489    141 n - - -
          2.68618  4.42225  2.77519  2.73123  3.46354  2.40513  3.72494  3.29354  2.67741  2.69355  4.24690  2.90347  2.73739  3.18146  2.89801  2.37887  2.77519  2.98518  4.58477  3.61503
          0.01375  4.68966  5.41200  0.61958  0.77255  0.48576  0.95510
     32   1.36465  4.89434  3.10875  2.63160  4.20618  3.12495  3.87998  3.61719  2.68484  3.22243  3.92439  3.17240  3.89926  3.01702  3.14758  2.62514  2.27291  3.29029  5.49497  4.17535    142 a - - -
          2.68618  4.42225  2.77519  2.73123  3.46354  2.40513  3.72494  3.29354  2.67741  2.69355  4.24690  2.90347  2.73739  3.18146  2.89801  2.37887  2.77519  2.98518  4.58477  3.61503
          0.01375  4.68966  5.41200  0.61958  0.77255  0.48576  0.95510
     33   2.72071  4.87341  3.20200  2.57712  3.86050  3.61667  3.73792  3.29995  2.57662  3.04104  1.97134  2.59108  4.00489  2.64106  2.63108  2.81451  2.62137  3.05021  5.39308  4.06503    143 m - - -
          2.68618  4.42225  2.77519  2.73123  3.46354  2.40513  3.72494  3.29354  2.67741  2.69355  4.24690  2.90347  2.73739  3.18146  2.89801  2.37887  2.77519  2.98518  4.58477  3.61503
          0.01383  4.69639  5.38114  0.61958  0.77255  0.48576  0.95510
     34   3.89481  4.86746  5.20741  4.84936  0.58573  4.77808  4.02025  3.48698  4.66150  2.88546  4.06460  4.57337  5.08950  4.61317  4.65052  4.13565  4.03208  3.11881  4.16518  2.01651    144 F - - -
          2.68618  4.42225  2.77519  2.73123  3.46354  2.40513  3.72494  3.29354  2.67741  2.69355  4.24690  2.90347  2.73739  3.18146  2.89801  2.37887  2.77519  2.98518  4.58477  3.61503
          0.02447  4.69622  4.19659  0.61958  0.77255  0.48554  0.95545
     35   2.87956  5.19299  3.19421  2.62449  4.48482  3.59352  3.77715  3.67097  2.07494  3.19831  4.05462  3.14175  4.05604  2.85688  1.25400  2.88557  3.01399  3.56457  5.56795  4.29977    145 r - - -
          2.68618  4.42225  2.77520  2.73123  3.46352  2.40513  3.72495  3.29354  2.67740  2.69355  4.24690  2.90347  2.73740  3.18146  2.89800  2.37887  2.77520  2.98518  4.58477  3.61503
          0.01747  4.35516  5.40807  0.62458  0.76676  0.50761  0.92113
     36   3.40730  4.77500  5.56776  5.10327  4.14289  5.10178  5.85270  1.64525  5.02522  2.54358  3.85749  5.26491  5.36184  5.29543  5.20190  4.53226  3.81861  0.57505  6.22756  5.00359    148 V - - -
          2.68618  4.42225  2.77519  2.73123  3.46354  2.40513  3.72494  3.29354  2.67741  2.69355  4.24690  2.90347  2.73739  3.18146  2.89801  2.37887  2.77519  2.98518  4.58477  3.61503
          0.02107  4.68705  4.45338  0.61958  0.77255  0.47234  0.97695
     37   2.76432  5.25386  2.97161  1.48905  4.59044  3.54456  3.68543  3.99263  2.06657  3.40509  4.21576  3.01837  3.94280  2.45740  2.72207  2.73492  2.70175  3.53880  5.68838  4.29001    149 e - - -
          2.68618  4.42225  2.77519  2.73123  3.46354  2.40513  3.72494  3.29354  2.67741  2.69355  4.24690  2.90347  2.73739  3.18146  2.89801  2.37887  2.77519  2.98518  4.58477  3.61503
          0.01681  4.69059  4.89461  0.61958  0.77255  0.50043  0.93209
     38   3.91998  5.09917  5.74194  5.17661  3.37983  5.30624  5.60894  2.37275  5.00386  0.43824  3.01779  5.41964  5.35570  4.96238  5.01370  4.70381  4.05296  2.71263  5.64678  4.66772    150 L - - -
          2.68618  4.42225  2.77519  2.73123  3.46354  2.40513  3.72494  3.29354  2.67741  2.69355  4.24690  2.90347  2.73739  3.18146  2.89801  2.37887  2.77519  2.98518  4.58477  3.61503
          0.04773  4.68756  3.28617  0.61958  0.77255  0.47296  0.97592
     39   2.51598  5.21501  2.17099  1.69970  4.53419  3.49048  3.72816  3.04559  2.46594  3.34338  4.26362  2.90957  3.60738  2.71950  2.97179  2.68900  2.84731  3.58870  5.66308  4.26585    151 e - - -
          2.68618  4.42225  2.77519  2.73123  3.46354  2.40513  3.72494  3.29354  2.67741  2.69355  4.24690  2.90347  2.73739  3.18146  2.89801  2.37887  2.77519  2.98518  4.58477  3.61503
          0.01410  4.66457  5.38692  0.61958  0.77255  0.44675  1.02082
     40   2.52912  5.13935  2.88061  2.34679  4.43140  3.42504  3.75027  3.32658  2.51870  3.34827  4.17504  1.58013  3.90119  2.78304  3.00374  2.61527  2.76412  3.33355  5.60722  4.23081    152 n - - -
          2.68698  4.42155  2.77244  2.73167  3.46373  2.40560  3.72587  3.29337  2.67712  2.69343  4.24790  2.90333  2.73814  3.18233  2.89902  2.37687  2.77611  2.98569  4.58583  3.61519
          0.20556  1.70714  5.42005  2.77623  0.06430  0.48576  0.95510
     41   2.92356  5.43539  2.46159  2.34010  4.74412  1.27567  3.87856  3.94147  2.46833  3.72660  4.50530  2.70753  4.03301  2.90724  3.20765  2.88520  3.20365  3.81020  5.88595  4.46506    200 g - - -
          2.68618  4.42230  2.77519  2.73128  3.46358  2.40512  3.72444  3.29359  2.67725  2.69360  4.24695  2.90333  2.73745  3.18150  2.89805  2.37892  2.77525  2.98523  4.58482  3.61507
          0.20695  1.70096  5.42005  0.17784  1.81450  0.48576  0.95510
     42   2.57641  4.44098  3.19058  2.56116  3.99390  3.15089  1.77294  3.42100  2.52118  3.09991  3.91885  3.14194  3.91227  2.86370  2.90841  2.49673  2.93613  2.97132  5.42898  3.96817    202 h - - -
          2.68618  4.42225  2.77519  2.73123  3.46354  2.40513  3.72494  3.29354  2.67741  2.69355  4.24690  2.90347  2.73739  3.18146  2.89801  2.37887  2.77519  2.98518  4.58477  3.61503
          0.06873  4.69771  2.85931  0.61958  0.77255  0.48576  0.95510
     43   2.73355  5.10812  2.99249  1.93250  4.43797  3.52349  3.71586  3.49371  1.91373  3.36619  4.16815  2.88594  3.82965  2.59742  2.90543  2.70095  2.74575  2.54562  5.59865  3.89876    203 k - - -
          2.68618  4.42225  2.77519  2.73123  3.46354  2.40513  3.72494  3.29354  2.67741  2.69355  4.24690  2.90347  2.73739  3.18146  2.89801  2.37887  2.77519  2.98518  4.58477  3.61503
          0.01440  4.64337  5.36572  0.61958  0.77255  0.42553  1.05965
     44   3.33531  4.19631  5.52519  5.02781  4.05390  5.01228  5.64141  1.35506  4.94431  2.32268  3.81820  5.15819  5.26635  5.17596  5.08380  4.41216  3.73502  0.78302  6.03625  4.82375    204 v - - -
          2.68618  4.42225  2.77519  2.73123  3.46354  2.40513  3.72494  3.29354  2.67741  2.69355  4.24690  2.90347  2.73739  3.18146  2.89801  2.37887  2.77519  2.98518  4.58477  3.61503
          0.01363  4.69781  5.42016  0.61958  0.77255  0.48576  0.95510
     45   2.75863  4.21647  4.22329  3.74039  3.31652  3.70443  4.14435  1.85029  3.46384  1.39404  3.16192  3.79469  4.25850  3.73564  3.66178  3.16900  2.69778  2.32987  4.74552  3.64065    205 l - - -
          2.68618  4.42225  2.77519  2.73123  3.46354  2.40513  3.72494  3.29354  2.67741  2.69355  4.24690  2.90347  2.73739  3.18146  2.89801  2.37887  2.77519  2.98518  4.58477  3.61503
          0.01363  4.69777  5.42011  0.61958  0.77255  0.48576  0.95510
     46   0.52280  3.14456  4.65667  4.37286  4.80939  2.67761  5.07137  4.17012  4.27672  3.93443  4.76112  4.06164  4.15317  4.47118  4.42084  2.78369  3.09977  3.50898  6.21160  5.09250    206 A - - -
          2.68618  4.42225  2.77519  2.73123  3.46354  2.40513  3.72494  3.29354  2.67741  2.69355  4.24690  2.90347  2.73739  3.18146  2.89801  2.37887  2.77519  2.98518  4.58477  3.61503
          0.01363  4.69777  5.42011  0.61958  0.77255  0.48576  0.95510
     47   2.85104  4.55708  3.54597  2.98699  3.47208  3.75372  1.52032  3.22609  2.85856  2.89917  3.79028  3.38988  4.14699  3.23964  3.12303  2.98071  2.86993  2.96314  5.05469  2.24078    207 h - - -
          2.68618  4.42225  2.77519  2.73123  3.46354  2.40513  3.72494  3.29354  2.67741  2.69355  4.24690  2.90347  2.73739  3.18146  2.89801  2.37887  2.77519  2.98518  4.58477  3.61503
          0.01363  4.69777  5.42011  0.61958  0.77255  0.48576  0.95510
     48   2.51159  4.29590  4.49605  3.91340  3.44154  3.99231  4.37087  1.40796  3.77610  2.25241  3.41209  4.06584  4.18641  3.98118  3.91808  3.13581  2.20413  1.88718  4.99134  3.80188    208 i - - -
          2.68618  4.42225  2.77519  2.73123  3.46354  2.40513  3.72494  3.29354  2.67741  2.69355  4.24690  2.90347  2.73739  3.18146  2.89801  2.37887  2.77519  2.98518  4.58477  3.61503
          0.02444  4.69777  4.19813  0.61958  0.77255  0.48576  0.95510
     49   1.76249  3.90829  3.81236  3.22829  4.52020  3.08666  4.41138  3.93684  3.33180  3.59678  4.41641  3.38030  4.07076  3.64548  3.70963  0.94262  3.07636  3.41139  5.85449  4.61620    209 s - - -
          2.68618  4.42225  2.77519  2.73123  3.46354  2.40513  3.72494  3.29354  2.67741  2.69355  4.24690  2.90347  2.73739  3.18146  2.89801  2.37887  2.77519  2.98518  4.58477  3.61503
          0.01378  4.68711  5.40946  0.61958  0.77255  0.50761  0.92113
     50   2.97651  4.92225  3.64701  3.61846  5.17529  0.41832  4.91041  4.75391  3.63471  4.40401  5.26671  3.85718  4.34283  4.21341  4.18455  3.05233  3.49847  4.09651  6.42154  5.22571    210 G - - -
          2.68618  4.42225  2.77519  2.73123  3.46354  2.40513  3.72494  3.29354  2.67741  2.69355  4.24690  2.90347  2.73739  3.18146  2.89801  2.37887  2.77519  2.98518  4.58477  3.61503
          0.01378  4.68711  5.40946  0.61958  0.77255  0.47234  0.97695
     51   3.50639  5.64942  4.00408  3.22402  5.21092  4.09968  3.95108  4.51101  0.78990  3.87640  4.73932  3.58328  3.99956  3.06447  1.64892  3.41162  3.64415  4.07416  5.86026  4.73389    211 k - - -
          2.68618  4.42225  2.77519  2.73123  3.46354  2.40513  3.72494  3.29354  2.67741  2.69355  4.24690  2.90347  2.73739  3.18146  2.89801  2.37887  2.77519  2.98518  4.58477  3.61503
          0.01363  4.69777  5.42011  0.61958  0.77255  0.48576  0.95510
     52   3.15481  4.54119  4.81896  4.23285  3.40656  4.33742  4.66086  2.09731  4.06390  1.83686  1.10143  4.12530  4.64775  4.11641  4.15985  3.65305  3.38532  2.34742  5.16360  4.01894    212 m - - -
          2.68618  4.42225  2.77519  2.73123  3.46354  2.40513  3.72494  3.29354  2.67741  2.69355  4.24690  2.90347  2.73739  3.18146  2.89801  2.37887  2.77519  2.98518  4.58477  3.61503
          0.01363  4.69781  5.42015  0.61958  0.77255  0.48576  0.95510
     53   3.35542  5.60906  4.02610  3.26933  5.13912  4.11492  3.67253  4.44148  1.99438  3.83819  4.71400  3.63380  4.46044  3.08698  0.68412  3.44760  3.45140  4.12732  5.84224  4.72306    213 R - - -
          2.68618  4.42225  2.77519  2.73123  3.46354  2.40513  3.72494  3.29354  2.67741  2.69355  4.24690  2.90347  2.73739  3.18146  2.89801  2.37887  2.77519  2.98518  4.58477  3.61503
          0.01363  4.69781  5.42015  0.61958  0.77255  0.48576  0.95510
     54   2.80319  5.14178  3.16745  2.59531  4.40028  3.61797  3.78202  3.67149  1.53583  3.32829  2.90830  3.11810  4.00422  2.14789  2.54527  2.78064  2.94666  3.39289  5.59475  4.24926    214 k - - -
          2.68618  4.42225  2.77519  2.73123  3.46354  2.40513  3.72494  3.29354  2.67741  2.69355  4.24690  2.90347  2.73739  3.18146  2.89801  2.37887  2.77519  2.98518  4.58477  3.61503
          0.01363  4.69785  5.42020  0.61958  0.77255  0.48576  0.95510
     55   2.79906  5.03292  3.15712  2.61603  3.65486  3.61326  1.86114  3.70773  2.54300  3.22317  4.10492  1.90084  4.00802  2.95809  2.90758  2.67358  3.03617  3.37626  5.47682  3.92985    215 h - - -
          2.68618  4.42225  2.77519  2.73123  3.46354  2.40513  3.72494  3.29354  2.67741  2.69355  4.24690  2.90347  2.73739  3.18146  2.89801  2.37887  2.77519  2.98518  4.58477  3.61503
          0.01363  4.69785  5.42020  0.61958  0.77255  0.48576  0.95510
     56   2.82046  4.81368  3.36625  2.70422  2.59145  3.68995  3.37657  3.39630  2.51330  3.04393  3.90063  3.07237  4.07370  3.09180  2.13111  2.90441  3.04816  3.12417  5.27468  1.99754    216 y - - -
          2.68618  4.42225  2.77519  2.73123  3.46354  2.40513  3.72494  3.29354  2.67741  2.69355  4.24690  2.90347  2.73739  3.18146  2.89801  2.37887  2.77519  2.98518  4.58477  3.61503
          0.01363  4.69785  5.42020  0.61958  0.77255  0.48576  0.95510
     57   3.43007  4.75222  4.56754  4.70123  4.00245  4.74253  5.41768  0.58129  4.60228  2.54389  3.83034  4.88296  5.10879  4.88876  4.78504  4.16247  3.67415  1.85481  5.94203  4.70288    217 I - - -
          2.68618  4.42225  2.77519  2.73123  3.46354  2.40513  3.72494  3.29354  2.67741  2.69355  4.24690  2.90347  2.73739  3.18146  2.89801  2.37887  2.77519  2.98518  4.58477  3.61503
          0.01363  4.69785  5.42020  0.61958  0.77255  0.48576  0.95510
     58   3.62634  5.69703  4.22685  3.34755  5.25105  4.19202  3.58038  4.53593  1.70244  3.69031  4.69355  3.64940  4.48175  3.07169  0.72632  3.60085  3.71694  4.22777  5.85424  4.76114    218 r - - -
          2.68618  4.42225  2.77519  2.73123  3.46354  2.40513  3.72494  3.29354  2.67741  2.69355  4.24690  2.90347  2.73739  3.18146  2.89801  2.37887  2.77519  2.98518  4.58477  3.61503
          0.01363  4.69785  5.42020  0.61958  0.77255  0.48576  0.95510
     59   3.36462  4.64569  5.27119  4.73878  3.87153  4.76083  5.26921  0.76531  4.61623  2.12518  3.61270  4.87560  5.04969  4.82888  4.74526  3.85425  3.32896  1.69130  5.72967  4.54178    219 i - - -
          2.68618  4.42225  2.77519  2.73123  3.46354  2.40513  3.72494  3.29354  2.67741  2.69355  4.24690  2.90347  2.73739  3.18146  2.89801  2.37887  2.77519  2.98518  4.58477  3.61503
          0.01363  4.69785  5.42020  0.61958  0.77255  0.48576  0.95510
     60   2.75999  4.39091  3.25221  3.27372  3.50407  3.78520  4.07536  2.68220  3.13723  1.27694  3.43919  3.61487  4.17720  3.47556  3.45916  2.56488  2.93157  2.40423  4.99083  3.76507    220 l - - -
          2.68618  4.42225  2.77519  2.73123  3.46354  2.40513  3.72494  3.29354  2.67741  2.69355  4.24690  2.90347  2.73739  3.18146  2.89801  2.37887  2.77519  2.98518  4.58477  3.61503
          0.01363  4.69785  5.42020  0.61958  0.77255  0.48576  0.95510
     61   2.12623  4.44494  3.68380  3.03782  3.59875  3.75477  4.00843  2.86656  3.05252  2.42212  3.32864  3.48338  1.90569  3.34072  3.38123  2.88702  2.73159  2.32831  5.05072  3.70052    221 p - - -
          2.68618  4.42225  2.77519  2.73123  3.46354  2.40513  3.72494  3.29354  2.67741  2.69355  4.24690  2.90347  2.73739  3.18146  2.89801  2.37887  2.77519  2.98518  4.58477  3.61503
          0.01363  4.69785  5.42020  0.61958  0.77255  0.48576  0.95510
     62   2.61886  5.33460  2.82651  1.89518  4.56206  1.36669  3.56563  4.09908  2.71182  3.62049  4.42719  3.06505  4.05462  2.91226  3.20739  2.86154  3.18888  3.71234  5.81741  4.35915    222 g - - -
          2.68618  4.42225  2.77519  2.73123  3.46354  2.40513  3.72494  3.29354  2.67741  2.69355  4.24690  2.90347  2.73739  3.18146  2.89801  2.37887  2.77519  2.98518  4.58477  3.61503
          0.01363  4.69785  5.42020  0.61958  0.77255  0.48576  0.95510
     63   2.70931  5.74288  0.54484  2.63756  5.39930  3.43669  4.38647  4.91799  3.53831  4.47513  5.37030  3.20346  4.31478  3.58564  4.17373  3.29703  3.74417  4.41506  6.61648  5.11554    223 D - - -
          2.68618  4.42225  2.77519  2.73123  3.46354  2.40513  3.72494  3.29354  2.67741  2.69355  4.24690  2.90347  2.73739  3.18146  2.89801  2.37887  2.77519  2.98518  4.58477  3.61503
          0.01363  4.69785  5.42020  0.61958  0.77255  0.48576  0.95510
     64   2.97981  5.33185  3.38335  2.71004  4.69804  3.74897  3.79128  4.05854  1.60632  3.01227  4.27747  3.23637  4.13656  2.80869  1.37512  2.95466  3.08379  3.64964  5.70056  4.41353    224 r - - -
          2.68618  4.42225  2.77519  2.73123  3.46354  2.40513  3.72494  3.29354  2.67741  2.69355  4.24690  2.90347  2.73739  3.18146  2.89801  2.37887  2.77519  2.98518  4.58477  3.61503
          0.01363  4.69785  5.42020  0.61958  0.77255  0.48576  0.95510
     65   2.96470  4.53547  4.60838  4.19760  3.99760  3.07798  4.86884  2.40655  4.08276  2.86618  3.93030  4.26839  4.53158  4.35760  4.26388  3.25093  3.33020  0.66304  5.63387  4.41940    225 V - - -
          2.68618  4.42225  2.77519  2.73123  3.46354  2.40513  3.72494  3.29354  2.67741  2.69355  4.24690  2.90347  2.73739  3.18146  2.89801  2.37887  2.77519  2.98518  4.58477  3.61503
          0.01363  4.69785  5.42020  0.61958  0.77255  0.48576  0.95510
     66   2.53489  4.89285  3.03319  2.61286  4.11198  3.60681  3.74601  3.44835  2.00503  2.60890  3.66088  3.08772  4.00004  2.90173  2.93316  2.70936  2.30997  2.30550  5.40913  4.09052    226 k - - -
          2.68618  4.42225  2.77519  2.73123  3.46354  2.40513  3.72494  3.29354  2.67741  2.69355  4.24690  2.90347  2.73739  3.18146  2.89801  2.37887  2.77519  2.98518  4.58477  3.61503
          0.05796  4.69785  3.05333  0.61958  0.77255  0.48576  0.95510
     67   3.38739  4.24405  5.32339  4.78369  3.76115  4.79083  5.27103  1.97682  4.66392  1.77565  3.14305  4.91315  5.05279  4.83199  4.76625  4.15621  3.63158  0.78827  5.66893  4.50989    227 v - - -
          2.68618  4.42225  2.77519  2.73123  3.46354  2.40513  3.72494  3.29354  2.67741  2.69355  4.24690  2.90347  2.73739  3.18146  2.89801  2.37887  2.77519  2.98518  4.58477  3.61503
          0.01425  4.65413  5.37648  0.61958  0.77255  0.43583  1.04051
     68   2.38413  5.39183  2.83929  1.01041  4.72225  3.51846  3.89435  4.18599  2.62321  3.70311  4.49173  3.07735  4.06950  2.96579  3.08384  2.87249  3.13773  3.75049  5.86813  4.46761    228 e - - -
          2.68618  4.42225  2.77519  2.73123  3.46354  2.40513  3.72494  3.29354  2.67741  2.69355  4.24690  2.90347  2.73739  3.18146  2.89801  2.37887  2.77519  2.98518  4.58477  3.61503
          0.01364  4.69739  5.41973  0.61958  0.77255  0.48576  0.95510
     69   3.53025  4.95089  5.58268  4.99427  3.24673  5.00278  5.31771  1.95317  4.84697  0.94616  1.60937  5.14104  5.14254  4.80961  4.83493  4.36063  3.89877  2.42740  5.48523  4.47431    229 l - - -
          2.68619  4.42226  2.77521  2.73125  3.46308  2.40514  3.72496  3.29355  2.67742  2.69356  4.24691  2.90348  2.73741  3.18148  2.89802  2.37888  2.77521  2.98520  4.58478  3.61504
          0.06362  2.86104  5.41972  0.36545  1.18379  0.48576  0.95510
     70   2.72466  4.54209  3.06051  2.75587  4.44432  3.51807  3.96944  3.87656  2.78026  3.39186  4.26670  2.54335  3.96493  3.12045  3.23647  1.20699  2.34933  3.47744  5.68699  4.35509    231 s - - -
          2.68618  4.42225  2.77519  2.73123  3.46354  2.40513  3.72494  3.29354  2.67741  2.69355  4.24690  2.90347  2.73739  3.18146  2.89801  2.37887  2.77519  2.98518  4.58477  3.61503
          0.01364  4.69737  5.41972  0.61958  0.77255  0.48576  0.95510
     71   2.77148  4.94289  3.24999  2.71370  4.22985  3.47170  3.74512  3.52808  2.63795  3.22975  4.06485  3.07840  1.33331  2.99450  2.73195  2.76339  2.97972  3.20792  5.49767  4.18862    232 p - - -
          2.68618  4.42225  2.77519  2.73123  3.46354  2.40513  3.72494  3.29354  2.67741  2.69355  4.24690  2.90347  2.73739  3.18146  2.89801  2.37887  2.77519  2.98518  4.58477  3.61503
          0.01364  4.69737  5.41972  0.61958  0.77255  0.48576  0.95510
     72   2.80716  3.47339  4.08286  3.59837  3.19297  3.92054  3.79001  2.83528  3.47948  2.33692  3.44170  3.63303  4.29375  3.72427  3.69567  3.20458  3.09587  2.59626  4.75910  1.18823    233 y - - -
          2.68618  4.42225  2.77519  2.73123  3.46354  2.40513  3.72494  3.29354  2.67741  2.69355  4.24690  2.90347  2.73739  3.18146  2.89801  2.37887  2.77519  2.98518  4.58477  3.61503
          0.01364  4.69737  5.41972  0.61958  0.77255  0.48576  0.95510
     73   3.45364  6.14387  0.63807  2.16563  5.42688  3.25698  4.22213  4.98860  3.32697  4.44444  5.31844  2.97199  4.27591  3.39679  3.76579  3.16885  3.75900  4.52374  6.59835  4.96170    234 D - - -
          2.68618  4.42225  2.77519  2.73123  3.46354  2.40513  3.72494  3.29354  2.67741  2.69355  4.24690  2.90347  2.73739  3.18146  2.89801  2.37887  2.77519  2.98518  4.58477  3.61503
          0.01364  4.69737  5.41972  0.61958  0.77255  0.48576  0.95510
     74   2.76988  4.31587  4.01189  3.00245  3.31430  3.70911  3.88247  2.72915  3.29756  1.25780  2.69011  3.72355  3.74691  3.59777  3.47992  3.10422  2.91122  2.48276  4.91903  3.71600    235 l - - -
          2.68618  4.42225  2.77519  2.73123  3.46354  2.40513  3.72494  3.29354  2.67741  2.69355  4.24690  2.90347  2.73739  3.18146  2.89801  2.37887  2.77519  2.98518  4.58477  3.61503
          0.01364  4.69737  5.41972  0.61958  0.77255  0.48576  0.95510
     75   2.79511  5.24757  2.77776  2.28043  4.56783  3.47545  3.77466  4.03030  2.46124  3.54660  4.29452  2.75762  3.34866  2.87631  3.03059  2.02263  1.71216  3.62736  5.70517  4.30693    236 t - - -
          2.68590  4.42237  2.77527  2.73113  3.46324  2.40513  3.72506  3.29331  2.67744  2.69366  4.24683  2.90356  2.73731  3.18158  2.89811  2.37898  2.77531  2.98501  4.58489  3.61515
          0.08059  2.61725  5.41972  1.44931  0.26753  0.48576  0.95510
     76   3.16143  5.34344  3.57995  2.88690  4.81497  3.87287  3.70560  4.09592  1.44656  3.53185  4.40953  3.32545  4.22873  2.84835  1.28097  3.14288  3.34550  3.13982  5.73491  4.49624    244 r - - -
          2.68618  4.42225  2.77519  2.73123  3.46354  2.40513  3.72494  3.29354  2.67741  2.69355  4.24690  2.90347  2.73739  3.18146  2.89801  2.37887  2.77519  2.98518  4.58477  3.61503
          0.01364  4.69737  5.41972  0.61958  0.77255  0.48576  0.95510
     77   1.57213  4.62732  4.02543  3.85539  5.03202  0.73241  4.92234  4.47619  3.96270  4.16324  4.97325  3.88943  4.18640  4.22521  3.90008  2.87863  3.22281  3.80395  6.35064  5.19066    245 g - - -
          2.68618  4.42225  2.77519  2.73123  3.46354  2.40513  3.72494  3.29354  2.67741  2.69355  4.24690  2.90347  2.73739  3.18146  2.89801  2.37887  2.77519  2.98518  4.58477  3.61503
          0.01364  4.69737  5.41972  0.61958  0.77255  0.48576  0.95510
     78   2.78974  5.18313  3.89766  3.24511  4.69291  3.88258  4.06466  3.84719  2.42269  3.43448  4.47680  3.60465  4.06370  3.22641  0.73613  3.25792  3.43696  3.65661  5.75236  4.55950    246 r - - -
          2.68618  4.42225  2.77519  2.73123  3.46354  2.40513  3.72494  3.29354  2.67741  2.69355  4.24690  2.90347  2.73739  3.18146  2.89801  2.37887  2.77519  2.98518  4.58477  3.61503
          0.01364  4.69737  5.41972  0.61958  0.77255  0.48576  0.95510
     79   3.01556  4.43766  4.61794  4.06487  3.55350  4.16825  4.27460  0.87728  3.89064  2.33507  3.53222  4.22681  4.54573  4.14205  4.04321  3.05257  3.26677  2.09528  5.17615  3.96262    247 i - - -
          2.68618  4.42225  2.77519  2.73123  3.46354  2.40513  3.72494  3.29354  2.67741  2.69355  4.24690  2.90347  2.73739  3.18146  2.89801  2.37887  2.77519  2.98518  4.58477  3.61503
          0.01364  4.69737  5.41972  0.61958  0.77255  0.48576  0.95510
     80   2.76498  3.53208  3.83132  3.39219  3.44881  3.82371  4.10998  2.50256  3.30422  2.45229  3.41838  3.32401  4.19871  3.56637  3.07053  3.05762  1.78826  1.74927  4.93748  3.73150    248 v - - -
          2.68618  4.42225  2.77519  2.73123  3.46354  2.40513  3.72494  3.29354  2.67741  2.69355  4.24690  2.90347  2.73739  3.18146  2.89801  2.37887  2.77519  2.98518  4.58477  3.61503
          0.01364  4.69737  5.41972  0.61958  0.77255  0.48576  0.95510
     81   2.77792  4.39298  3.86080  2.84239  2.53258  3.66275  3.67095  2.86838  3.18196  2.54855  3.50218  3.63036  4.18383  3.46679  3.36650  2.97431  2.77322  2.65859  3.84802  1.62681    249 y - - -
          2.68618  4.42225  2.77519  2.73123  3.46354  2.40513  3.72494  3.29354  2.67741  2.69355  4.24690  2.90347  2.73739  3.18146  2.89801  2.37887  2.77519  2.98518  4.58477  3.61503
          0.01364  4.69737  5.41972  0.61958  0.77255  0.48576  0.95510
     82   3.29878  5.34051  3.85466  3.24063  4.91791  3.20729  4.06030  4.28880  2.34729  3.51566  4.64405  3.60899  4.08582  3.21062  0.68569  3.34252  3.53497  3.94056  5.83666  4.66578    250 R - - -
          2.68618  4.42225  2.77519  2.73123  3.46354  2.40513  3.72494  3.29354  2.67741  2.69355  4.24690  2.90347  2.73739  3.18146  2.89801  2.37887  2.77519  2.98518  4.58477  3.61503
          0.01373  4.69061  5.41296  0.61958  0.77255  0.48576  0.95510
     83   2.61645  4.41390  3.61316  2.90763  2.47738  3.62365  2.87971  2.83604  2.89728  2.21184  3.33497  3.52689  4.12274  3.36756  3.38662  2.85133  2.75021  2.67371  4.35686  2.40656    251 l - - -
          2.68618  4.42225  2.77519  2.73123  3.46354  2.40513  3.72494  3.29354  2.67741  2.69355  4.24690  2.90347  2.73739  3.18146  2.89801  2.37887  2.77519  2.98518  4.58477  3.61503
          0.01803  4.66585  4.77231  0.61958  0.77255  0.48576  0.95510
     84   2.78527  5.19304  3.01374  2.48391  4.51093  2.99038  3.74245  3.73080  1.40255  3.31216  4.17268  3.04082  3.93805  2.84660  2.36254  2.58165  2.96241  3.56390  5.47415  4.26186    252 k - - -
          2.68618  4.42225  2.77519  2.73123  3.46354  2.40513  3.72494  3.29354  2.67741  2.69355  4.24690  2.90347  2.73739  3.18146  2.89801  2.37887  2.77519  2.98518  4.58477  3.61503
          0.34068  4.40861  1.28541  0.61958  0.77255  0.49359  0.94272
     85   2.55152  4.96433  2.68783  2.24729  4.12427  3.24912  3.54167  3.63422  2.24942  3.20403  4.02216  2.64559  3.65537  2.62812  2.49815  2.37999  2.73505  3.30942  5.41245  4.05657    253 e - - -
          2.68618  4.42225  2.77519  2.73123  3.46354  2.40513  3.72494  3.29354  2.67741  2.69355  4.24690  2.90347  2.73739  3.18146  2.89801  2.37887  2.77519  2.98518  4.58477  3.61503
          0.02803  4.03536  4.60940  0.61958  0.77255  0.84363  0.56237
     86   2.50630  4.78750  2.93662  2.29506  4.03112  3.16026  3.58175  3.40715  2.27795  2.70960  3.85939  2.89348  3.58931  2.74958  2.50828  2.59245  2.72599  2.95487  5.28614  3.95293    254 k - - -
          2.68618  4.42225  2.77519  2.73123  3.46354  2.40513  3.72494  3.29354  2.67741  2.69355  4.24690  2.90347  2.73739  3.18146  2.89801  2.37887  2.77519  2.98518  4.58477  3.61503
          0.03011  3.98948  4.49603  0.61958  0.77255  0.84466  0.56160
     87   2.58531  4.94991  2.75929  2.27536  4.24077  3.08185  3.42421  3.67186  2.27653  3.23013  4.01297  2.54212  3.69828  2.68741  2.47411  2.48461  2.58900  3.31268  5.41697  4.02695    255 e - - -
          2.68548  4.42008  2.77557  2.73170  3.46362  2.40499  3.72440  3.29404  2.67791  2.69493  4.24572  2.90439  2.73634  3.18213  2.89575  2.37898  2.77537  2.98415  4.58642  3.61654
          0.61502  0.77790        *  3.32212  0.03674  0.00000        *
//
